0 
0 
0 
0 
0 
0 
0 
0 
0 
0 
0 
0 
0 
0 
0 
0 
0 
0 
0 
0 
0 
0 
0 
0 
0 
0 
0 
0 
0 
0 
0 
0 
0 
0 
0 
0 
0 
0 
0 
0 
0 
0 
0 
0 
0 
0 
0 
0 
0 
0 
0 
0 
0 
0 
0 
0 
0 
0 
0 
0 
0 
0 
2 
3 
4 
5 
0 
0 
0 
0 
0 
0 
0 
0 
0 
0 
0 
0 
0 
0 
0 
0 
0 
0 
0 
0 
0 
0 
0 
0 
0 
0 
0 
0 
0 
0 
0 
0 
0 
0 
0 
0 
0 
0 
0 
0 
0 
0 
0 
0 
0 
0 
0 
0 
0 
0 
0 
0 
0 
0 
0 
0 
0 
0 
0 
0 
-902 
-639 
22 
-170 
-842 
702 
-1645 
-2022 
1200 
1790 
424 
-521 
-1826 
910 
-1250 
-1427 
-1242 
-918 
-902 
-798 
1348 
-1132 
-27 
-1992 
634 
-1641 
-1675 
471 
547 
960 
-449 
-1969 
-1128 
354 
-252 
-603 
-1398 
-1124 
916 
-1998 
-1214 
1482 
-414 
1242 
-233 
653 
-1663 
1066 
1210 
-187 
-1597 
1950 
-41 
1448 
-331 
526 
1443 
-1652 
-1161 
-491 
1764 
897 
0 
0 
0 
0 
0 
0 
0 
0 
0 
0 
0 
0 
0 
0 
0 
0 
0 
0 
0 
0 
0 
0 
0 
0 
0 
0 
0 
0 
0 
0 
0 
0 
0 
0 
0 
0 
0 
0 
0 
0 
0 
0 
0 
0 
0 
0 
0 
0 
0 
0 
0 
0 
0 
0 
0 
0 
0 
0 
0 
0 
0 
0 
