CFO=4459.5081787871995,STO=2
SNRdB=-3.15,TXPdB=0
CFO=-10920.515544888549,STO=3
SNRdB=-5.51,TXPdB=0
packet_number=1,correct=False,payload=[173,195,62,249,227,109,143,89,29,97,19,192,116,128,68,160,158,34,152,237,14,229,143,107,73,92,195,145,32,85,136,174,109,136,68,77,124,147,199,136,157,25,189,113,137,122,125,128,85,32]
CFO=9790.33801674829,STO=0
SNRdB=-4.62,TXPdB=0
packet_number=2,correct=False,payload=[227,27,204,27,143,224,29,41,190,94,189,172,82,234,127,182,185,179,9,86,62,247,23,79,25,220,169,163,251,217,9,73,181,105,250,105,213,64,151,113,252,247,96,226,56,221,238,239,180,140]
CFO=-14452.656567812364,STO=6
SNRdB=-4.85,TXPdB=0
packet_number=3,correct=False,payload=[146,5,76,78,27,36,107,104,61,208,152,220,84,4,25,72,141,12,77,195,207,29,20,100,205,129,173,223,56,79,175,182,192,149,135,207,65,123,248,26,82,71,84,59,42,77,21,30,144,41]
CFO=-11907.61898976637,STO=2
SNRdB=-5.19,TXPdB=0
packet_number=4,correct=False,payload=[35,137,89,42,240,202,231,190,197,72,252,202,60,43,52,6,24,135,36,162,250,131,185,239,154,79,174,156,66,169,237,27,79,212,83,244,107,146,128,63,164,15,234,141,179,174,18,162,57,147]
CFO=-3189.9770046277176,STO=3
SNRdB=-5.71,TXPdB=0
CFO=10987.471557299099,STO=6
SNRdB=-12.27,TXPdB=0
CFO=-7866.4676053212015,STO=3
SNRdB=nan,TXPdB=0
packet_number=5,correct=False,payload=[28,62,121,192,66,242,177,34,222,180,217,31,140,87,223,169,111,27,105,219,4,222,47,31,249,253,252,227,252,176,92,6,106,145,146,87,70,77,152,79,243,213,255,6,33,148,50,215,172,20]
packet_number=6,correct=False,payload=[15,71,10,101,233,155,147,138,133,52,20,119,106,147,221,113,129,248,77,61,246,204,214,219,29,250,175,114,68,160,22,10,99,33,232,56,56,16,61,178,221,1,247,80,92,78,29,140,10,41]
packet_number=7,correct=False,payload=[232,211,123,245,40,1,110,100,70,97,168,140,45,88,216,197,132,66,50,180,234,162,136,68,152,164,253,75,146,76,247,128,74,205,46,143,51,214,227,152,238,42,137,54,138,92,199,24,83,21]
packet_number=8,correct=False,payload=[237,128,2,192,184,216,196,215,162,97,152,174,59,250,31,139,27,66,211,47,224,251,31,63,98,57,254,246,30,208,20,147,7,169,95,206,144,35,122,55,69,101,222,192,27,94,99,16,83,185]
CFO=-1237.5652070107021,STO=5
SNRdB=-11.27,TXPdB=0
CFO=-5466.352767641126,STO=1
SNRdB=nan,TXPdB=0
packet_number=9,correct=False,payload=[88,219,247,161,84,39,82,179,42,91,43,105,165,101,212,35,58,49,214,222,177,215,172,209,121,214,131,162,177,101,80,197,153,106,252,10,111,140,132,166,239,219,31,5,207,166,75,166,194,20]
CFO=-672.6732110856075,STO=2
packet_number=10,correct=False,payload=[67,247,75,54,204,254,225,45,147,125,17,230,107,6,7,244,185,186,44,179,48,175,105,78,108,164,36,153,89,223,97,71,35,132,12,129,214,239,48,128,219,206,240,116,190,139,114,60,70,96]
SNRdB=-16.25,TXPdB=0
CFO=10321.19253274801,STO=6
SNRdB=nan,TXPdB=0
packet_number=11,correct=False,payload=[249,222,165,82,49,15,154,86,244,81,65,144,63,83,244,141,240,199,109,3,25,103,181,212,159,72,175,110,58,102,109,57,144,65,223,155,86,139,125,185,9,155,175,221,214,87,110,152,134,239]
packet_number=12,correct=False,payload=[0,116,33,28,251,139,122,75,229,52,91,237,215,165,82,226,176,69,55,77,226,147,172,49,127,227,92,93,126,54,224,61,153,101,209,1,33,48,121,89,186,156,148,161,119,144,138,86,60,109]
CFO=-1646.105383115937,STO=3
SNRdB=-7.14,TXPdB=0
CFO=-12975.015102887228,STO=3
SNRdB=-7.96,TXPdB=0
packet_number=13,correct=False,payload=[33,125,66,164,16,159,126,3,153,113,36,79,80,164,167,26,138,61,231,113,18,139,41,70,152,84,203,119,8,2,97,100,126,200,9,65,35,170,77,135,124,196,183,24,124,79,173,198,146,13]
CFO=3119.5706201794164,STO=4
SNRdB=-10.43,TXPdB=0
CFO=14703.578270852246,STO=3
packet_number=14,correct=False,payload=[106,120,135,124,170,203,135,173,253,198,190,162,88,99,43,160,242,132,247,203,21,95,41,251,151,155,83,100,65,128,40,243,79,7,142,241,134,70,131,36,244,85,138,164,248,174,53,71,164,130]
SNRdB=-15.72,TXPdB=0
packet_number=15,correct=False,payload=[44,147,123,174,127,35,39,95,10,201,113,149,41,215,226,19,185,8,223,126,190,193,123,60,163,149,2,82,77,84,251,28,247,138,76,80,246,59,122,176,248,232,61,224,156,2,191,7,27,90]
CFO=1487.7918849416822,STO=5
SNRdB=nan,TXPdB=0
packet_number=16,correct=False,payload=[116,66,90,39,100,24,96,147,60,90,114,110,170,80,130,100,146,4,27,251,121,56,1,123,127,234,113,226,36,164,79,217,58,104,227,176,74,129,192,140,62,57,31,55,219,4,29,69,6,226]
CFO=-582.0398395068596,STO=2
SNRdB=nan,TXPdB=0
CFO=-10991.732124953242,STO=1
SNRdB=-14.44,TXPdB=0
packet_number=17,correct=False,payload=[214,223,212,234,98,187,164,198,100,26,129,170,216,106,83,0,232,1,63,239,240,7,212,98,109,22,238,159,163,128,131,222,111,134,197,224,76,6,5,175,54,148,176,211,27,101,26,216,74,46]
CFO=10293.979683570471,STO=6
SNRdB=nan,TXPdB=0
packet_number=18,correct=False,payload=[171,108,87,157,242,47,64,204,134,56,24,189,229,110,245,188,91,203,195,112,75,25,63,123,3,179,45,193,109,199,171,152,236,48,116,43,216,65,46,90,21,145,149,121,201,86,54,15,148,205]
CFO=310.8235959790174,STO=6
SNRdB=-18.47,TXPdB=0
CFO=-236.22427134638406,STO=2
packet_number=19,correct=False,payload=[5,153,255,34,185,228,145,7,104,18,164,247,40,198,254,8,230,198,175,24,157,237,222,161,164,193,251,58,11,189,96,241,59,123,2,227,24,107,233,80,12,56,90,4,141,84,242,63,61,13]
SNRdB=-13.46,TXPdB=0
CFO=-9019.187129315964,STO=0
SNRdB=-20.06,TXPdB=0
packet_number=20,correct=False,payload=[208,242,116,225,80,240,177,164,254,13,97,15,0,13,103,9,250,177,80,215,165,98,93,205,169,126,230,61,136,171,38,156,192,73,148,169,203,152,15,81,114,5,8,64,141,122,156,177,13,168]
CFO=14365.876405654544,STO=4
packet_number=21,correct=False,payload=[18,69,103,91,246,103,185,83,150,127,73,29,138,4,209,43,16,103,228,247,163,205,247,76,89,90,45,157,90,43,78,198,117,198,143,219,106,104,14,183,160,64,183,167,29,212,86,164,25,254]
SNRdB=-10.20,TXPdB=0
CFO=12254.246346957592,STO=1
SNRdB=-15.40,TXPdB=0
packet_number=22,correct=False,payload=[87,164,150,247,208,122,203,95,131,78,132,55,205,212,8,14,168,166,101,87,221,98,58,247,237,228,154,142,17,220,148,172,64,121,240,241,174,169,103,216,85,250,240,160,122,157,255,21,0,94]
packet_number=23,correct=False,payload=[177,77,62,155,130,59,99,233,254,151,127,62,225,49,48,133,161,226,152,220,26,232,30,138,223,102,89,239,30,75,252,224,172,167,60,199,8,84,247,106,166,93,218,229,65,204,42,111,39,254]
CFO=-2712.1015149713717,STO=1
packet_number=24,correct=False,payload=[118,102,1,200,52,21,104,121,236,96,40,168,151,107,134,214,126,47,194,64,2,21,105,117,98,42,0,75,2,65,28,16,217,100,136,193,140,34,5,214,88,60,50,103,104,27,110,81,64,16]
SNRdB=nan,TXPdB=0
packet_number=25,correct=False,payload=[112,81,36,35,70,57,226,20,193,89,103,167,168,170,135,248,105,201,17,179,176,86,232,148,226,13,20,162,27,47,43,82,138,97,88,70,198,107,80,161,38,89,117,237,45,90,56,230,156,232]
CFO=-14729.574492583875,STO=4
SNRdB=nan,TXPdB=0
packet_number=26,correct=False,payload=[243,72,7,217,191,191,15,47,195,59,224,9,114,89,193,7,32,32,29,62,228,232,140,253,111,249,40,223,172,85,250,109,89,196,73,118,243,208,159,6,254,13,244,81,202,215,127,45,187,105]
CFO=14577.539936324354,STO=6
SNRdB=-22.28,TXPdB=0
packet_number=27,correct=False,payload=[94,46,77,196,192,13,56,143,35,184,22,73,242,226,194,12,225,25,231,5,75,191,160,92,194,2,114,214,228,115,74,7,50,141,123,146,243,105,248,157,218,78,208,127,253,220,89,232,49,20]
CFO=11343.588845727756,STO=6
SNRdB=nan,TXPdB=0
packet_number=28,correct=False,payload=[142,180,117,82,88,109,0,37,31,233,38,72,78,243,218,167,204,175,118,140,137,24,144,164,83,84,171,107,68,201,47,130,10,45,88,82,14,128,28,225,88,170,209,198,246,119,14,228,196,14]
CFO=1473.2706181750195,STO=5
SNRdB=nan,TXPdB=0
CFO=-2479.1398892177767,STO=3
packet_number=29,correct=False,payload=[12,17,190,4,101,38,171,74,176,148,208,34,22,93,45,2,27,131,113,243,220,211,35,254,103,157,43,250,48,49,135,186,97,66,5,106,195,80,129,151,232,152,41,23,197,22,36,112,232,43]
SNRdB=nan,TXPdB=0
packet_number=30,correct=False,payload=[177,32,223,196,55,18,8,216,24,90,75,230,142,62,92,65,188,134,117,253,218,153,111,135,174,102,38,124,75,118,197,217,247,154,138,218,157,27,192,107,160,18,51,59,249,239,156,100,102,10]
CFO=-6054.153985845827,STO=0
SNRdB=nan,TXPdB=0
packet_number=31,correct=False,payload=[98,188,237,230,106,8,211,31,232,127,41,117,106,241,133,95,204,236,222,112,193,14,27,236,221,12,233,167,121,0,166,14,219,15,52,84,91,79,132,89,71,52,167,214,79,50,29,89,176,181]
CFO=-8970.57479943415,STO=2
packet_number=32,correct=False,payload=[230,14,94,143,58,92,218,183,146,23,163,63,4,216,31,219,2,194,37,0,67,255,57,118,236,200,141,124,252,46,40,84,250,152,91,206,76,70,78,46,171,167,172,114,232,115,112,219,152,201]
SNRdB=nan,TXPdB=0
CFO=-14337.03308597201,STO=6
SNRdB=-15.19,TXPdB=0
packet_number=33,correct=False,payload=[200,4,208,87,157,158,252,237,163,71,71,29,37,215,208,234,41,241,107,152,36,6,210,148,247,215,253,225,248,243,175,113,160,53,75,244,161,4,60,39,202,63,188,189,253,149,135,21,180,49]
packet_number=34,correct=False,payload=[11,63,207,32,115,251,63,147,156,117,87,244,85,210,127,35,29,89,7,54,61,94,194,107,252,67,133,63,96,3,52,85,250,51,130,124,174,213,233,88,103,33,49,83,14,93,226,250,224,234]
CFO=2568.020690284395,STO=2
SNRdB=nan,TXPdB=0
CFO=-342.1065071546482,STO=2
packet_number=35,correct=False,payload=[54,245,92,43,14,22,233,42,234,228,20,13,28,139,37,156,44,2,162,80,4,140,19,36,250,167,47,25,85,131,87,186,26,54,6,20,185,27,148,108,191,132,107,155,160,43,103,255,25,56]
SNRdB=nan,TXPdB=0
CFO=-13343.527524544035,STO=7
SNRdB=nan,TXPdB=0
packet_number=36,correct=False,payload=[94,67,216,103,67,118,219,229,222,123,198,137,185,84,226,134,153,101,171,44,56,5,210,171,138,31,191,57,30,30,42,236,98,234,231,51,129,145,50,31,251,233,189,211,165,151,32,84,227,144]
CFO=3416.238878851699,STO=6
SNRdB=-17.68,TXPdB=0
packet_number=37,correct=False,payload=[112,227,54,27,183,122,25,248,82,211,50,120,173,208,91,42,21,61,107,242,230,90,69,47,143,233,122,101,1,182,253,182,232,234,198,161,63,104,188,155,27,72,169,144,86,5,184,250,237,200]
CFO=-3994.2160675900345,STO=2
SNRdB=-19.43,TXPdB=0
packet_number=38,correct=False,payload=[55,23,97,164,134,36,84,26,38,203,44,124,27,37,116,185,161,218,98,168,104,233,245,229,102,127,165,18,214,24,73,22,206,205,91,96,32,101,106,19,226,121,42,39,138,1,8,154,230,61]
CFO=-14979.50486955672,STO=0
SNRdB=-20.04,TXPdB=0
packet_number=39,correct=False,payload=[130,82,188,232,93,242,33,41,49,46,163,252,139,103,225,87,58,160,195,75,8,74,197,222,32,232,193,123,42,59,160,223,227,149,245,126,65,246,103,65,154,125,25,113,98,213,135,4,183,30]
CFO=2281.067812453008,STO=1
SNRdB=-13.66,TXPdB=0
packet_number=40,correct=False,payload=[200,141,115,116,162,217,254,231,116,61,156,10,228,243,12,83,67,210,167,230,212,247,63,79,191,152,65,100,95,206,132,113,73,206,15,109,158,54,53,206,57,204,11,157,93,58,102,25,151,114]
CFO=-8710.165536750295,STO=0
SNRdB=-27.31,TXPdB=0
packet_number=41,correct=False,payload=[78,255,121,49,99,67,239,230,41,118,113,235,86,113,249,245,253,158,145,208,17,192,95,66,119,41,47,225,137,184,193,127,73,8,67,48,222,31,136,177,98,233,241,166,7,163,144,59,25,115]
CFO=-1652.261298619839,STO=6
SNRdB=nan,TXPdB=0
packet_number=42,correct=False,payload=[96,9,254,49,69,165,137,189,112,218,243,253,177,55,210,56,210,23,168,98,127,103,203,207,30,234,27,203,249,151,116,220,193,214,78,80,236,255,152,234,83,67,212,175,157,59,157,209,217,41]
CFO=-13626.521471764703,STO=0
SNRdB=nan,TXPdB=0
packet_number=43,correct=False,payload=[200,201,250,182,9,126,160,129,82,245,77,42,86,71,212,156,21,218,38,96,5,80,118,56,227,158,113,198,71,40,113,45,55,198,57,21,226,183,78,17,199,26,113,131,183,78,49,16,85,88]
CFO=704.7367100155044,STO=5
SNRdB=nan,TXPdB=0
CFO=-4730.526764822459,STO=5
packet_number=44,correct=False,payload=[37,192,248,236,225,197,126,105,205,100,190,196,176,118,117,237,63,144,153,50,74,60,121,215,188,115,47,135,149,100,171,81,191,228,172,187,156,26,67,143,250,223,73,23,166,82,249,232,14,90]
SNRdB=-11.47,TXPdB=0
CFO=-12978.86775646594,STO=3
SNRdB=-17.64,TXPdB=0
CFO=8099.005901641864,STO=3
SNRdB=-19.27,TXPdB=0
packet_number=45,correct=False,payload=[81,6,105,107,193,226,217,174,159,232,143,171,88,44,195,248,96,44,167,175,74,242,168,84,126,254,170,248,208,42,29,211,203,226,122,210,16,110,184,179,188,73,162,219,46,178,69,24,244,40]
CFO=-3712.0011888215704,STO=0
packet_number=46,correct=False,payload=[131,104,205,132,88,177,24,214,62,197,101,13,196,198,19,219,246,28,37,65,242,248,139,4,88,107,185,82,196,210,62,63,155,194,77,166,144,226,205,244,151,19,190,101,222,51,247,212,114,178]
SNRdB=-19.87,TXPdB=0
CFO=12890.938557275873,STO=3
packet_number=47,correct=False,payload=[141,140,251,143,187,247,65,139,251,183,82,24,242,123,252,218,93,119,156,58,212,172,9,62,112,254,30,255,53,177,220,134,119,237,234,254,168,49,12,184,216,241,26,52,124,198,208,236,191,165]
packet_number=48,correct=False,payload=[41,254,64,136,180,27,114,201,200,95,64,168,41,252,198,220,201,17,97,76,150,18,212,133,243,37,107,52,75,7,83,201,120,156,101,141,142,30,247,125,43,159,124,173,84,222,190,216,247,82]
packet_number=49,correct=False,payload=[147,15,146,200,77,22,250,36,180,66,251,6,114,209,114,20,162,68,189,229,231,217,204,76,152,209,41,60,245,44,213,33,181,162,162,154,125,134,5,177,208,240,200,226,76,101,244,165,130,142]
SNRdB=nan,TXPdB=0
CFO=-9778.616416063294,STO=1
packet_number=50,correct=False,payload=[228,225,113,41,139,57,169,98,118,185,90,232,224,252,99,200,238,218,134,148,113,207,197,130,24,58,191,87,200,50,189,70,54,177,246,102,170,248,106,44,5,41,86,53,0,216,236,159,47,203]
SNRdB=nan,TXPdB=0
CFO=-15341.648376971836,STO=4
SNRdB=nan,TXPdB=0
packet_number=51,correct=False,payload=[19,237,159,149,164,125,25,140,10,218,242,14,217,88,51,56,54,97,242,14,189,21,69,29,18,71,252,99,137,17,14,159,121,47,189,39,51,25,238,147,11,117,27,137,170,170,225,165,27,185]
packet_number=52,correct=False,payload=[197,182,23,221,96,241,77,0,41,173,186,87,242,157,229,205,37,34,251,50,95,194,169,206,176,40,222,250,156,140,217,87,167,79,214,7,28,197,209,211,196,175,83,224,121,117,142,149,244,126]
CFO=-10845.754618395182,STO=4
SNRdB=-17.22,TXPdB=0
CFO=1985.8689041549085,STO=4
SNRdB=nan,TXPdB=0
packet_number=53,correct=False,payload=[104,31,69,115,118,119,165,242,178,138,99,229,246,82,254,86,157,151,192,0,59,253,246,66,189,206,32,145,23,29,16,100,152,133,241,218,59,113,155,205,5,142,210,150,19,152,135,121,23,102]
CFO=1887.6730768686662,STO=1
SNRdB=-20.14,TXPdB=0
packet_number=54,correct=False,payload=[154,154,143,199,243,206,238,116,56,226,224,185,133,254,193,222,32,109,229,142,166,195,76,155,235,153,78,63,214,160,216,233,150,229,0,184,85,81,120,68,87,22,9,156,92,9,79,188,89,66]
CFO=-6778.215699297186,STO=7
packet_number=55,correct=False,payload=[8,53,134,212,38,159,161,3,43,147,248,130,42,69,20,146,108,247,128,16,167,63,150,15,224,110,4,165,255,80,192,178,164,239,225,117,84,87,83,156,12,100,183,154,172,78,195,166,11,52]
SNRdB=nan,TXPdB=0
CFO=-852.7198435192978,STO=1
SNRdB=nan,TXPdB=0
packet_number=56,correct=False,payload=[196,75,146,176,146,52,211,64,138,112,62,153,11,246,68,255,190,147,228,70,160,161,31,199,159,242,16,150,143,14,243,73,30,122,128,227,167,187,8,236,13,47,94,157,99,163,142,202,158,47]
CFO=13983.643130024437,STO=2
SNRdB=nan,TXPdB=0
packet_number=57,correct=False,payload=[60,83,241,254,134,63,43,116,153,58,193,98,181,86,188,139,134,20,227,105,139,190,1,7,76,111,208,133,198,124,85,93,19,85,180,146,173,131,31,61,75,106,5,100,153,128,139,24,135,40]
packet_number=58,correct=False,payload=[208,45,251,8,104,171,160,168,157,191,160,148,80,44,171,9,109,168,66,224,136,10,19,151,247,37,224,176,152,140,57,13,185,242,98,123,33,237,24,161,191,102,242,128,193,81,170,155,74,146]
CFO=-6436.501097962102,STO=2
SNRdB=nan,TXPdB=0
CFO=-7693.516187626881,STO=3
SNRdB=nan,TXPdB=0
packet_number=59,correct=False,payload=[92,127,133,61,78,73,114,73,66,87,70,179,12,131,201,203,179,242,202,240,235,192,39,235,231,183,81,223,118,245,129,3,240,190,146,238,180,183,211,78,229,191,105,185,124,105,205,79,243,86]
CFO=1040.9867894530998,STO=3
packet_number=60,correct=False,payload=[250,159,34,173,171,210,2,101,139,5,45,71,201,115,96,248,94,106,248,213,195,222,119,156,53,154,74,100,98,238,31,115,210,30,207,220,35,99,94,198,117,91,27,171,136,110,89,139,232,30]
SNRdB=-15.19,TXPdB=0
CFO=13085.440051859294,STO=4
SNRdB=-22.24,TXPdB=0
CFO=4382.115672898772,STO=6
packet_number=61,correct=False,payload=[157,63,88,155,94,174,211,172,183,180,191,228,144,11,171,141,56,222,49,15,188,131,19,140,195,243,214,235,194,254,81,226,235,37,143,180,68,42,4,11,95,155,233,239,247,162,16,240,59,55]
SNRdB=nan,TXPdB=0
CFO=-1841.0654845850368,STO=4
packet_number=62,correct=False,payload=[56,160,8,2,194,50,232,193,80,147,37,88,233,148,254,119,11,252,57,41,32,47,205,248,106,8,62,51,30,206,127,216,103,56,48,8,64,160,224,8,217,27,186,39,91,89,176,52,244,137]
SNRdB=-18.62,TXPdB=0
packet_number=63,correct=False,payload=[55,136,219,20,254,227,19,134,159,129,116,39,41,71,53,243,113,115,89,212,132,153,22,218,67,41,120,164,70,204,40,23,126,67,207,69,99,184,187,104,245,140,74,190,127,54,75,202,7,31]
CFO=14446.303068928175,STO=4
packet_number=64,correct=False,payload=[145,193,75,199,57,110,227,176,228,229,47,57,196,220,39,86,209,187,128,91,89,227,113,134,255,229,201,63,157,100,201,143,18,134,81,102,5,42,244,241,44,4,42,51,123,25,187,92,158,41]
SNRdB=nan,TXPdB=0
CFO=10604.175807798101,STO=3
SNRdB=nan,TXPdB=0
packet_number=65,correct=False,payload=[13,100,24,13,56,21,190,35,39,230,224,114,150,189,120,92,238,40,136,0,44,70,211,78,171,205,195,132,149,199,0,71,77,16,171,125,36,61,237,205,103,109,62,140,86,182,54,185,173,120]
CFO=5111.313961339229,STO=3
SNRdB=-17.15,TXPdB=0
CFO=-12622.465876821865,STO=5
packet_number=66,correct=False,payload=[92,58,36,230,226,199,196,154,32,165,15,125,95,13,230,186,66,101,114,99,252,111,200,127,96,96,74,210,19,49,40,95,243,245,20,193,2,144,143,231,73,198,52,163,227,104,199,252,159,185]
SNRdB=nan,TXPdB=0
packet_number=67,correct=False,payload=[122,191,114,72,24,179,102,16,182,48,153,123,52,230,78,60,165,4,237,113,35,141,112,34,110,13,81,178,193,10,42,68,57,219,199,75,114,112,195,101,22,226,208,163,132,226,15,113,184,73]
CFO=-7955.635369196699,STO=0
SNRdB=nan,TXPdB=0
CFO=-7019.308333234596,STO=0
SNRdB=nan,TXPdB=0
CFO=11870.657705664062,STO=4
SNRdB=nan,TXPdB=0
packet_number=68,correct=False,payload=[24,220,70,121,225,45,103,137,38,39,129,6,183,241,22,140,98,129,201,148,65,203,92,183,250,114,59,72,136,107,203,255,95,242,97,142,76,97,229,122,185,119,123,37,8,211,95,69,247,91]
CFO=12092.109988347493,STO=1
packet_number=69,correct=False,payload=[211,80,175,88,147,197,156,165,42,81,165,101,249,233,29,109,77,175,233,97,197,235,73,19,91,177,201,9,151,138,99,144,54,53,45,11,105,130,90,120,122,238,232,170,228,227,238,40,86,133]
SNRdB=nan,TXPdB=0
CFO=-14587.155562015263,STO=7
packet_number=70,correct=False,payload=[89,8,141,226,252,222,79,119,81,117,168,254,241,50,63,99,136,252,72,175,74,88,8,14,15,178,46,131,153,0,201,166,133,16,6,29,100,88,125,41,217,47,44,21,196,158,3,66,39,229]
SNRdB=-21.80,TXPdB=0
packet_number=71,correct=False,payload=[15,149,82,222,18,145,220,6,230,4,91,18,98,109,159,165,1,254,34,193,198,130,194,12,120,133,157,125,26,128,189,223,167,106,178,214,146,144,151,92,158,166,204,137,130,89,4,207,77,135]
CFO=-908.1551736784451,STO=6
packet_number=72,correct=False,payload=[153,126,49,175,152,206,74,12,54,57,194,55,112,135,82,93,189,31,15,136,33,98,9,200,37,234,110,92,67,51,196,22,23,4,130,0,216,131,116,201,99,224,248,31,240,67,58,110,127,148]
SNRdB=nan,TXPdB=0
packet_number=73,correct=False,payload=[218,254,214,35,227,181,89,148,247,101,185,181,184,219,46,209,126,218,254,95,136,93,86,211,184,190,86,194,130,101,11,89,227,242,63,220,59,25,91,75,220,220,199,167,76,94,29,59,242,145]
CFO=11954.18641318574,STO=4
SNRdB=-19.95,TXPdB=0
packet_number=74,correct=False,payload=[187,167,214,9,79,159,86,181,65,80,50,80,175,43,80,37,122,86,93,166,122,37,250,194,158,91,215,192,81,157,95,210,89,56,138,145,227,25,178,100,15,70,234,92,10,25,238,36,20,220]
CFO=13320.213575017711,STO=1
SNRdB=nan,TXPdB=0
packet_number=75,correct=False,payload=[201,93,224,23,140,166,7,211,135,166,37,21,64,18,130,243,195,93,72,184,32,22,176,196,186,201,46,32,88,6,36,46,21,159,135,194,230,164,68,120,208,19,54,212,142,64,3,214,21,12]
packet_number=76,correct=False,payload=[219,41,131,148,191,209,27,6,72,145,220,157,127,230,251,248,70,160,249,209,99,225,236,99,2,200,188,250,172,243,100,232,27,2,91,200,212,25,148,137,204,233,224,18,229,111,110,216,227,235]
CFO=6067.2985426079085,STO=4
SNRdB=nan,TXPdB=0
packet_number=77,correct=False,payload=[228,217,124,156,148,55,252,223,228,183,207,120,228,74,188,54,49,3,80,128,180,103,49,52,188,255,172,193,221,228,22,42,106,170,97,56,152,178,140,11,228,238,95,58,17,129,164,24,175,168]
CFO=2531.837585286743,STO=0
SNRdB=nan,TXPdB=0
packet_number=78,correct=False,payload=[233,209,42,168,108,35,131,217,70,173,71,108,249,72,44,131,116,211,108,252,219,139,96,246,221,86,190,28,62,19,182,111,101,232,77,101,152,26,169,180,116,101,152,151,34,84,192,140,9,244]
CFO=-8957.101776977606,STO=5
SNRdB=nan,TXPdB=0
packet_number=79,correct=False,payload=[216,18,29,226,100,213,200,8,147,220,121,143,136,248,222,223,48,133,44,88,63,250,137,179,120,117,46,154,52,14,25,250,107,119,82,46,13,241,30,16,200,225,55,224,55,115,150,121,209,203]
CFO=-4419.606711690612,STO=4
SNRdB=nan,TXPdB=0
packet_number=80,correct=False,payload=[206,104,37,218,111,48,224,7,238,78,32,160,180,23,50,117,0,96,86,63,41,2,131,100,102,192,3,146,61,213,28,188,136,42,146,24,18,87,63,12,241,248,174,70,129,17,181,227,28,76]
CFO=10780.555956739832,STO=5
SNRdB=nan,TXPdB=0
packet_number=81,correct=False,payload=[45,43,247,117,112,76,99,30,130,33,176,165,40,213,163,20,66,122,199,90,72,42,69,75,205,213,203,76,186,233,141,182,179,33,129,241,219,152,88,115,51,48,229,240,26,151,251,95,0,23]
CFO=-8859.11761440783,STO=4
SNRdB=nan,TXPdB=0
packet_number=82,correct=False,payload=[109,132,3,216,241,71,123,46,146,11,1,41,159,75,86,234,131,217,204,34,107,36,63,210,117,217,77,56,27,201,27,203,20,174,110,196,65,38,15,28,111,27,75,91,15,72,201,105,178,90]
CFO=-11085.131404462973,STO=3
SNRdB=nan,TXPdB=0
packet_number=83,correct=False,payload=[77,164,38,75,221,149,254,33,12,113,254,231,40,183,99,5,84,28,17,211,109,192,234,27,141,190,95,141,109,224,213,150,20,50,50,169,72,158,50,120,117,83,182,21,156,147,155,249,186,94]
CFO=14217.829683801056,STO=5
SNRdB=nan,TXPdB=0
packet_number=84,correct=False,payload=[211,115,156,203,109,116,44,153,42,205,157,55,12,197,39,85,52,168,168,51,141,70,130,44,214,0,221,187,26,157,70,64,176,222,34,32,186,137,96,233,99,159,95,153,131,208,148,61,102,120]
CFO=1605.879155939673,STO=2
SNRdB=nan,TXPdB=0
packet_number=85,correct=False,payload=[178,234,203,235,37,179,185,92,11,155,176,70,81,175,10,24,50,2,205,27,36,211,111,162,167,220,52,197,227,81,171,73,23,13,220,1,84,234,217,29,163,10,38,66,81,247,170,197,62,130]
CFO=-2572.42296064788,STO=2
SNRdB=-14.20,TXPdB=0
packet_number=86,correct=False,payload=[174,98,192,135,29,4,115,173,93,205,206,245,234,170,47,83,161,171,206,0,179,83,58,112,77,89,218,229,173,134,195,205,182,126,209,113,108,225,166,103,186,193,26,36,238,134,91,53,174,39]
CFO=-5652.104861045566,STO=1
SNRdB=-13.95,TXPdB=0
packet_number=87,correct=False,payload=[3,199,43,91,253,155,85,84,171,140,97,237,197,22,184,120,47,210,242,168,250,242,46,143,138,74,111,75,148,227,165,165,150,181,100,63,90,145,253,147,197,90,225,1,174,181,142,158,22,125]
CFO=4198.89258747217,STO=1
SNRdB=-12.13,TXPdB=0
packet_number=88,correct=False,payload=[99,227,20,186,205,90,231,127,7,10,109,102,167,3,18,81,243,188,56,8,132,25,75,46,18,148,211,254,74,112,140,244,21,126,218,13,52,238,243,99,234,220,5,36,247,166,3,93,54,171]
CFO=-6786.212712450409,STO=7
SNRdB=nan,TXPdB=0
packet_number=89,correct=False,payload=[191,61,58,15,172,189,198,125,75,255,136,247,2,196,119,167,155,197,33,42,181,68,222,197,238,12,111,251,95,16,153,148,56,243,16,193,75,100,236,146,40,49,34,222,111,151,150,29,197,134]
CFO=-14225.070158639961,STO=5
SNRdB=-27.32,TXPdB=0
packet_number=90,correct=False,payload=[192,185,7,13,187,202,101,166,175,17,70,229,84,208,188,25,75,180,200,101,230,146,218,105,69,137,52,89,105,177,115,6,36,160,58,151,226,183,184,184,31,219,65,19,220,116,64,50,246,163]
CFO=-11034.26309630061,STO=6
SNRdB=nan,TXPdB=0
packet_number=91,correct=False,payload=[28,159,119,103,118,214,222,246,104,169,116,156,12,81,138,108,106,206,249,96,248,28,232,122,145,29,206,251,239,228,173,17,68,104,89,42,194,32,154,205,133,32,8,61,172,148,100,84,47,146]
CFO=-8701.848358479729,STO=1
SNRdB=nan,TXPdB=0
packet_number=92,correct=False,payload=[195,20,133,213,74,162,240,29,19,221,211,211,194,212,241,130,229,183,225,145,9,218,79,111,4,241,37,150,122,62,157,107,219,255,197,126,0,103,155,98,82,248,236,49,126,201,44,102,243,163]
CFO=-9319.915852444048,STO=1
SNRdB=nan,TXPdB=0
packet_number=93,correct=False,payload=[167,20,62,149,102,185,39,137,76,59,222,143,242,61,156,95,56,64,164,147,135,185,199,240,196,120,69,170,175,204,46,202,153,5,13,72,112,150,145,55,57,154,16,213,128,243,168,163,153,205]
CFO=-7264.356192167939,STO=4
SNRdB=nan,TXPdB=0
packet_number=94,correct=False,payload=[210,245,51,176,73,200,243,76,155,212,113,119,89,144,82,204,152,155,132,31,191,233,33,190,176,64,63,68,169,195,38,18,13,205,40,111,21,16,31,152,208,84,17,167,109,224,41,34,248,219]
CFO=-1628.0623000584867,STO=6
SNRdB=nan,TXPdB=0
packet_number=95,correct=False,payload=[24,225,219,142,57,188,188,161,211,79,72,66,2,144,202,108,48,175,252,199,8,217,238,159,161,41,74,142,122,8,67,187,149,23,189,94,65,215,244,111,168,113,132,18,144,168,244,242,185,227]
CFO=-5961.449583220406,STO=6
SNRdB=-19.44,TXPdB=0
packet_number=96,correct=False,payload=[59,83,32,44,28,22,204,118,124,55,0,225,0,20,76,97,0,192,172,103,40,193,239,144,225,133,162,46,170,176,187,145,132,17,21,129,106,48,178,160,160,161,129,223,25,14,156,13,75,200]
CFO=-10761.34130651225,STO=5
SNRdB=-12.96,TXPdB=0
packet_number=97,correct=False,payload=[215,51,231,41,128,196,15,225,18,58,181,142,132,171,203,44,5,33,244,6,103,158,231,167,134,125,115,190,15,130,237,187,85,146,77,210,80,62,110,196,209,100,48,240,240,234,132,213,54,198]
CFO=10727.765472076673,STO=4
SNRdB=-16.53,TXPdB=0
packet_number=98,correct=False,payload=[66,181,162,138,201,219,65,178,55,20,116,73,160,26,160,208,119,51,99,179,31,106,220,195,58,163,196,28,95,120,169,194,177,46,60,70,30,151,150,205,127,209,3,161,3,15,52,206,23,230]
CFO=-12785.683682050552,STO=2
SNRdB=-21.31,TXPdB=0
packet_number=99,correct=False,payload=[51,255,252,240,190,36,218,138,8,19,104,234,180,197,93,185,84,159,12,107,243,246,6,98,77,118,139,70,30,110,146,11,40,162,170,122,25,38,249,226,87,192,151,91,234,204,102,239,204,153]
CFO=4107.370127738278,STO=2
SNRdB=-15.01,TXPdB=0
packet_number=100,correct=False,payload=[14,246,17,68,205,62,202,84,80,195,20,13,125,68,186,74,51,59,177,166,31,152,250,254,211,2,82,129,125,142,234,84,15,179,171,63,183,62,157,213,35,61,137,151,201,45,248,214,4,38]
CFO=-5906.98712516667,STO=2
SNRdB=-20.21,TXPdB=0
packet_number=101,correct=False,payload=[131,187,69,43,136,118,170,75,14,52,91,122,176,10,94,182,237,184,170,210,23,31,81,212,54,79,210,85,88,197,20,37,84,153,21,46,106,106,134,202,109,198,217,112,192,100,180,151,52,116]
CFO=3145.7844356111677,STO=1
SNRdB=nan,TXPdB=0
packet_number=102,correct=False,payload=[124,132,226,171,191,99,54,135,123,205,215,75,228,180,139,98,89,237,119,151,189,170,70,214,174,161,198,147,79,150,146,7,151,118,29,83,34,162,142,53,165,215,196,56,223,104,249,223,101,115]
CFO=-225.35060796435488,STO=5
SNRdB=-18.51,TXPdB=0
packet_number=103,correct=False,payload=[49,255,115,30,50,105,157,248,48,217,142,148,220,84,200,94,163,58,13,93,33,184,213,58,229,232,86,204,167,88,123,78,191,168,106,154,39,238,114,199,181,163,123,82,202,202,192,244,25,86]
CFO=-2634.9512080652307,STO=1
SNRdB=nan,TXPdB=0
packet_number=104,correct=False,payload=[129,119,221,241,96,188,236,226,231,12,167,148,109,43,209,162,232,136,150,241,172,252,214,179,28,141,215,105,43,25,86,227,37,198,137,221,125,47,232,73,15,236,144,4,95,236,164,76,53,81]
CFO=-8244.71126785018,STO=7
SNRdB=18.95,TXPdB=0
packet_number=105,correct=False,payload=[2,18,34,50,66,82,98,114,130,146,162,178,194,210,226,243,3,18,144,0,52,255,108,37,123,234,235,72,238,97,146,89,193,70,100,91,42,204,234,67,88,55,39,168,240,75,87,19,112,49]
CFO=-7690.806642096763,STO=2
SNRdB=nan,TXPdB=0
packet_number=106,correct=False,payload=[220,243,205,205,120,210,50,72,194,168,63,109,173,51,62,173,242,101,41,16,61,41,178,80,20,162,29,215,243,6,151,67,200,180,83,173,217,143,252,152,168,182,247,144,223,77,93,194,205,41]
CFO=-9913.626488657213,STO=1
SNRdB=17.59,TXPdB=0
packet_number=107,correct=False,payload=[2,18,34,50,66,82,98,114,130,146,162,178,194,210,226,243,3,18,144,0,57,207,149,206,82,10,230,146,111,228,42,78,125,155,173,111,164,49,113,112,226,79,169,136,98,78,33,197,129,159]
CFO=332.40691223273245,STO=4
SNRdB=nan,TXPdB=0
packet_number=108,correct=False,payload=[184,1,169,121,72,216,107,206,226,120,248,138,118,141,161,140,30,204,251,78,2,73,200,143,120,216,219,207,66,153,218,154,50,165,159,111,201,205,49,83,143,87,35,173,175,35,108,94,231,244]
CFO=13206.46720940238,STO=5
SNRdB=nan,TXPdB=0
packet_number=109,correct=False,payload=[65,141,131,99,23,51,152,36,199,43,2,24,220,249,237,219,205,217,228,27,24,249,59,12,244,56,143,253,226,240,184,70,211,177,220,20,34,65,113,255,44,116,129,85,17,0,101,88,96,251]
CFO=-7731.5031859014225,STO=1
SNRdB=17.49,TXPdB=0
packet_number=110,correct=False,payload=[2,18,34,50,66,82,98,114,130,146,162,178,194,210,226,243,3,18,144,0,47,32,4,206,237,155,188,170,119,51,70,21,9,234,190,179,139,193,192,68,218,103,62,246,228,164,4,98,48,52]
CFO=-12663.4185527204,STO=1
SNRdB=nan,TXPdB=0
packet_number=111,correct=False,payload=[9,77,253,148,6,137,241,164,91,178,248,18,126,180,170,26,39,24,236,243,176,224,32,114,194,233,1,229,203,133,39,181,233,157,5,109,254,50,160,179,125,12,166,54,98,78,101,216,97,158]
CFO=725.4986026400328,STO=4
SNRdB=17.42,TXPdB=0
packet_number=112,correct=False,payload=[2,18,34,50,66,82,98,114,130,146,162,178,194,210,226,243,3,18,144,0,46,148,26,181,46,163,213,207,208,17,239,161,56,50,90,144,50,228,246,4,239,127,17,148,254,148,254,143,241,244]
CFO=-873.4027324366297,STO=1
SNRdB=nan,TXPdB=0
packet_number=113,correct=False,payload=[78,43,133,68,139,148,255,173,184,209,99,94,76,19,13,228,50,203,225,44,19,8,190,73,151,30,201,210,181,154,102,161,30,82,29,82,91,170,204,3,185,199,214,5,126,68,88,64,76,169]
CFO=-7421.109626518098,STO=3
SNRdB=20.08,TXPdB=0
packet_number=114,correct=False,payload=[97,129,161,193,226,2,34,66,98,130,162,194,227,3,35,67,99,131,163,195,228,4,36,68,100,132,164,196,229,5,37,69,101,133,165,197,230,6,37,32,0,56,165,99,173,6,54,205,229,28]
CFO=-15365.131895430679,STO=2
SNRdB=18.87,TXPdB=0
packet_number=115,correct=False,payload=[64,66,68,70,72,74,76,78,80,82,84,86,88,90,92,94,96,98,82,0,1,200,108,230,201,8,187,19,89,236,241,88,3,204,235,126,91,193,13,111,91,9,28,37,193,108,82,208,228,111]
CFO=-12913.169874386878,STO=6
SNRdB=nan,TXPdB=0
packet_number=116,correct=False,payload=[145,150,190,164,54,58,27,157,16,233,186,203,133,51,215,42,91,245,123,9,133,53,82,185,44,167,56,161,114,4,6,93,169,131,136,203,13,151,185,45,165,31,141,248,191,98,33,96,241,98]
CFO=-7921.869807284179,STO=1
SNRdB=nan,TXPdB=0
packet_number=117,correct=False,payload=[38,155,214,1,58,158,22,31,78,50,253,32,84,176,99,105,254,117,3,202,186,47,6,120,231,7,69,245,121,172,236,54,27,223,52,172,190,161,23,45,134,223,108,209,235,95,161,130,156,89]
CFO=-2330.0584114919825,STO=5
SNRdB=nan,TXPdB=0
packet_number=118,correct=False,payload=[82,2,110,133,123,156,50,135,18,73,158,151,98,184,134,250,213,55,43,159,26,83,240,80,97,134,92,216,37,101,57,71,178,26,162,78,150,10,138,214,230,245,243,183,35,45,14,17,30,26]
CFO=-9298.097192595396,STO=7
SNRdB=nan,TXPdB=0
packet_number=119,correct=False,payload=[228,23,230,54,209,155,181,142,97,34,58,199,253,239,165,170,36,99,108,182,69,128,186,128,155,241,18,103,104,91,244,37,225,131,188,31,183,61,50,14,119,97,11,144,16,14,214,2,156,171]
CFO=-7361.416619084341,STO=2
SNRdB=18.47,TXPdB=0
packet_number=120,correct=False,payload=[2,18,34,50,66,82,98,114,130,146,162,178,194,210,226,243,3,18,144,0,23,44,6,118,164,253,15,11,59,17,115,253,168,0,226,16,184,148,84,194,217,61,186,104,153,105,242,15,15,172]
CFO=3760.7430669962373,STO=1
SNRdB=nan,TXPdB=0
packet_number=121,correct=False,payload=[190,84,204,159,94,143,241,73,162,254,243,56,116,11,1,0,144,5,127,17,241,30,207,114,216,179,238,216,204,234,82,146,120,102,159,47,87,122,40,114,147,180,214,73,202,88,155,230,228,130]
CFO=-13421.777065019724,STO=1
SNRdB=17.67,TXPdB=0
packet_number=122,correct=False,payload=[2,18,34,50,66,82,98,114,130,146,162,178,194,210,226,243,3,18,144,0,4,206,72,240,11,197,34,253,191,25,163,149,80,123,28,63,172,232,58,12,8,170,114,176,151,230,162,180,169,42]
CFO=-4355.958775710104,STO=0
SNRdB=nan,TXPdB=0
packet_number=123,correct=False,payload=[108,153,137,193,141,126,73,217,127,163,233,46,95,227,94,34,247,135,79,42,208,145,247,196,246,180,146,3,240,43,210,172,235,129,35,196,163,164,56,40,76,1,85,216,109,93,104,165,160,137]
CFO=-6336.973028048687,STO=3
SNRdB=nan,TXPdB=0
packet_number=124,correct=False,payload=[248,224,95,240,37,34,111,248,61,157,37,249,19,227,117,228,26,133,66,32,75,140,146,102,50,162,30,243,76,177,35,51,230,93,12,228,125,160,229,7,163,111,189,126,46,145,131,110,46,56]
CFO=-9873.423829190977,STO=6
SNRdB=17.50,TXPdB=0
packet_number=125,correct=False,payload=[2,18,34,50,66,82,98,114,130,146,162,178,194,210,226,243,3,18,144,0,43,158,191,76,157,106,220,17,254,68,178,27,140,103,241,28,98,63,248,245,2,182,210,161,9,53,107,7,75,94]
CFO=-7279.272922144359,STO=1
SNRdB=17.47,TXPdB=0
packet_number=126,correct=False,payload=[2,18,34,50,66,82,98,114,130,146,162,178,194,210,226,243,3,18,144,0,61,244,209,142,66,190,86,109,134,81,146,89,95,97,193,125,175,68,41,153,19,61,15,95,104,87,158,169,38,156]
CFO=-801.0684648407641,STO=4
SNRdB=nan,TXPdB=0
packet_number=127,correct=False,payload=[181,56,145,222,120,35,31,35,141,80,116,2,86,153,200,249,192,61,50,215,82,134,238,31,96,174,175,235,198,133,196,98,128,15,65,190,250,254,145,117,206,186,59,79,67,145,70,205,103,59]
CFO=13955.51603156737,STO=5
SNRdB=nan,TXPdB=0
packet_number=128,correct=False,payload=[240,52,95,243,232,90,131,52,200,67,144,161,86,234,54,140,104,215,242,164,45,113,120,85,202,37,14,213,246,70,80,32,241,41,113,114,218,144,211,16,203,137,74,207,254,139,230,45,91,127]
CFO=-9180.616160176081,STO=2
SNRdB=17.35,TXPdB=0
packet_number=129,correct=False,payload=[2,18,34,50,66,82,98,114,130,146,162,178,194,210,226,243,3,18,144,0,5,239,211,125,158,150,110,219,252,224,75,173,80,142,233,179,42,164,28,71,248,142,185,38,213,46,201,237,137,74]
CFO=-10109.287099545096,STO=6
SNRdB=17.48,TXPdB=0
packet_number=130,correct=False,payload=[2,18,34,50,66,82,98,114,130,146,162,178,194,210,226,243,3,18,144,0,40,84,119,141,194,50,69,0,255,209,44,170,170,26,184,104,121,137,182,70,171,0,180,67,164,218,5,145,112,14]
CFO=14311.385488479267,STO=2
SNRdB=-12.94,TXPdB=0
packet_number=131,correct=False,payload=[93,255,122,87,92,149,77,204,135,132,248,132,55,165,114,98,42,123,243,83,164,71,159,153,127,95,111,144,143,73,226,49,49,171,245,58,125,2,190,10,110,147,255,76,151,1,168,184,142,205]
CFO=5484.009873862667,STO=2
SNRdB=nan,TXPdB=0
packet_number=132,correct=False,payload=[195,186,85,6,251,43,131,153,81,135,99,149,197,108,134,158,180,9,64,213,143,2,33,87,133,206,161,253,201,130,227,26,122,80,234,183,90,44,192,254,28,93,210,96,55,251,128,251,252,57]
CFO=-8611.796583141342,STO=5
SNRdB=nan,TXPdB=0
packet_number=133,correct=False,payload=[223,133,152,24,241,150,20,89,185,101,79,117,60,181,156,18,6,17,174,127,147,141,190,162,249,149,145,105,48,29,138,220,121,176,223,252,191,102,223,15,53,253,166,127,233,90,232,154,30,176]
CFO=-8419.035245260522,STO=6
SNRdB=10.59,TXPdB=0
packet_number=134,correct=False,payload=[0,15,234,205,122,171,141,230,79,36,129,215,121,96,167,126,155,210,54,118,13,203,126,129,173,99,45,20,83,190,188,50,214,46,121,184,71,253,210,150,214,254,166,107,39,102,215,196,236,109]
CFO=990.4624364549957,STO=6
SNRdB=-13.84,TXPdB=0
packet_number=135,correct=False,payload=[101,167,170,130,220,19,237,14,135,135,118,47,208,167,25,7,177,94,37,73,48,14,10,2,213,169,143,229,177,108,200,15,183,193,79,82,25,244,18,97,50,84,163,57,144,196,253,178,87,36]
CFO=12760.089445410698,STO=4
SNRdB=nan,TXPdB=0
packet_number=136,correct=False,payload=[195,55,171,210,235,49,26,237,115,238,84,93,22,69,198,115,181,201,169,120,162,49,66,206,202,186,84,250,159,51,239,195,45,78,3,187,66,171,181,136,2,119,167,34,70,19,128,108,177,147]
CFO=7765.776861713135,STO=5
SNRdB=-15.97,TXPdB=0
packet_number=137,correct=False,payload=[199,31,77,255,27,70,107,189,101,108,77,60,126,48,64,23,111,132,83,166,246,8,173,127,65,56,236,128,78,207,33,7,138,131,138,164,35,89,164,226,168,240,188,85,172,100,158,125,208,80]
CFO=-7412.905691835332,STO=6
SNRdB=19.68,TXPdB=0
packet_number=138,correct=False,payload=[226,2,34,66,98,130,162,194,227,3,35,67,99,131,163,195,228,4,36,68,100,132,164,196,229,5,37,69,101,133,165,197,230,6,37,32,0,32,197,122,177,96,81,172,183,27,155,1,97,45]
CFO=-4462.746293210119,STO=2
SNRdB=nan,TXPdB=0
packet_number=139,correct=False,payload=[38,214,41,203,73,240,96,112,15,182,55,77,159,10,126,21,170,220,3,94,114,59,55,18,102,93,241,46,165,141,47,43,224,153,179,135,103,218,214,164,205,108,7,174,18,166,157,125,99,72]
CFO=14455.089822704182,STO=4
SNRdB=nan,TXPdB=0
packet_number=140,correct=False,payload=[219,71,101,81,124,147,171,185,232,133,35,59,37,84,247,22,249,51,147,68,178,132,101,3,5,66,43,89,174,39,162,63,194,122,57,22,37,243,89,51,121,106,82,122,82,237,204,19,67,109]
CFO=9741.231209629688,STO=1
SNRdB=nan,TXPdB=0
packet_number=141,correct=False,payload=[218,241,109,121,205,176,189,154,15,241,8,211,246,81,37,158,214,232,74,9,54,106,91,86,158,196,145,236,126,230,133,44,153,201,170,138,130,236,71,209,112,19,57,194,17,5,166,240,250,245]
CFO=-9998.97954444939,STO=3
SNRdB=17.45,TXPdB=0
packet_number=142,correct=False,payload=[2,18,34,50,66,82,98,114,130,146,162,178,194,210,226,243,3,18,144,0,24,14,137,4,100,77,251,41,226,14,175,202,119,199,185,185,27,111,241,35,210,23,44,173,86,44,150,33,107,204]
CFO=-1055.5168755829486,STO=6
SNRdB=nan,TXPdB=0
packet_number=143,correct=False,payload=[75,15,36,7,48,146,223,124,114,14,146,75,233,64,218,49,155,196,64,13,52,153,40,204,12,131,188,14,211,40,25,51,72,44,150,197,120,48,172,75,172,128,230,141,230,192,99,220,224,253]
CFO=2650.8391055642614,STO=2
SNRdB=17.35,TXPdB=0
packet_number=144,correct=False,payload=[2,18,34,50,66,82,98,114,130,146,162,178,194,210,226,243,3,18,144,0,4,103,86,100,97,59,2,242,150,98,0,230,125,99,61,133,8,49,98,217,158,148,62,108,149,166,15,109,44,124]
CFO=2007.4333588293725,STO=2
SNRdB=-19.56,TXPdB=0
packet_number=145,correct=False,payload=[48,93,7,165,3,9,246,195,66,132,31,56,88,196,81,3,140,48,73,92,236,91,181,226,128,12,241,183,146,176,212,61,158,207,222,212,150,204,194,84,103,240,108,158,116,236,102,115,28,145]
CFO=2191.3327930663645,STO=1
SNRdB=nan,TXPdB=0
packet_number=146,correct=False,payload=[194,154,4,73,56,90,38,254,15,127,168,165,5,202,116,155,135,222,0,38,149,45,89,128,95,11,84,22,212,197,96,4,216,179,47,73,33,210,135,183,173,229,0,255,231,63,173,137,24,23]
CFO=430.64624343653986,STO=1
SNRdB=16.96,TXPdB=0
packet_number=147,correct=False,payload=[2,18,34,50,66,82,98,114,130,146,162,178,194,210,226,243,3,18,144,0,1,46,207,58,255,97,88,153,62,11,71,206,187,253,139,77,64,127,135,0,28,113,130,73,170,134,56,38,176,38]
CFO=-9159.810170735622,STO=1
SNRdB=17.39,TXPdB=0
packet_number=148,correct=False,payload=[6,50,102,50,66,210,102,114,135,178,166,178,198,210,226,243,7,18,144,0,57,219,66,134,171,83,21,249,114,244,93,5,212,219,104,54,50,182,77,109,62,203,73,155,116,169,58,169,15,120]
CFO=-9059.973200773808,STO=6
SNRdB=17.34,TXPdB=0
packet_number=149,correct=False,payload=[2,18,34,50,66,82,98,114,130,146,162,178,194,210,226,243,3,18,144,0,51,189,236,193,82,230,133,199,129,52,51,158,100,210,26,189,180,166,228,140,159,7,11,242,176,101,230,108,106,4]
CFO=-8333.586139933142,STO=5
SNRdB=17.16,TXPdB=0
packet_number=150,correct=False,payload=[2,18,34,50,66,82,98,114,130,146,162,178,194,210,226,243,3,18,144,0,37,247,156,198,66,63,181,12,236,124,155,228,217,107,57,33,108,136,153,215,54,203,200,101,227,75,126,100,233,18]
CFO=4009.5057306383237,STO=7
SNRdB=nan,TXPdB=0
packet_number=151,correct=False,payload=[87,73,74,47,29,118,114,170,177,77,112,255,149,174,190,52,24,63,197,18,6,120,3,152,174,140,6,10,236,79,222,135,227,120,227,18,136,101,9,36,130,233,3,40,51,174,124,176,46,17]
CFO=1839.6309669898244,STO=3
SNRdB=nan,TXPdB=0
packet_number=152,correct=False,payload=[186,77,41,35,206,141,104,184,161,137,49,223,81,169,14,145,173,33,195,153,134,199,226,0,35,182,46,43,147,191,79,208,2,116,92,81,18,210,30,208,161,185,204,212,6,19,87,64,32,203]
CFO=-7148.62005963815,STO=4
SNRdB=18.56,TXPdB=0
packet_number=153,correct=False,payload=[226,2,34,66,98,130,162,194,227,3,35,67,99,131,163,195,228,4,36,68,100,132,164,196,229,5,37,69,101,133,165,197,230,6,37,32,0,115,130,224,22,43,11,33,216,224,73,101,204,202]
CFO=-7525.203606743861,STO=1
SNRdB=17.24,TXPdB=0
packet_number=154,correct=False,payload=[2,18,34,50,66,82,98,114,130,146,162,178,194,210,226,243,3,18,144,0,36,247,72,41,49,205,222,181,3,133,234,172,239,208,88,205,192,31,251,89,18,50,40,143,116,192,91,130,69,117]
CFO=4273.9384016301365,STO=5
SNRdB=-17.09,TXPdB=0
packet_number=155,correct=False,payload=[135,231,8,151,17,253,254,4,212,60,51,144,204,96,3,17,105,90,191,179,148,179,7,119,172,145,63,62,104,183,2,156,215,18,71,185,197,140,248,154,26,60,53,74,210,123,244,213,20,230]
CFO=-3326.9092537224333,STO=6
SNRdB=nan,TXPdB=0
packet_number=156,correct=False,payload=[65,88,218,124,48,152,92,213,110,63,48,220,135,215,24,148,67,24,3,239,77,186,123,44,185,63,139,110,113,96,237,23,149,39,6,1,87,116,16,87,242,50,54,222,4,82,246,64,166,76]
CFO=9684.23588975874,STO=3
SNRdB=nan,TXPdB=0
packet_number=157,correct=False,payload=[50,228,215,149,20,224,161,8,64,253,177,125,227,82,95,253,197,164,232,243,190,44,48,249,221,12,213,233,180,248,51,89,165,228,247,236,126,130,17,189,146,105,212,109,156,4,140,232,151,240]
CFO=-7079.615583374962,STO=0
SNRdB=nan,TXPdB=0
packet_number=158,correct=False,payload=[9,11,247,60,101,203,126,134,61,41,220,81,244,161,158,11,244,36,211,227,230,95,57,29,182,158,30,253,68,61,253,169,193,98,70,7,105,193,211,25,250,146,19,61,56,203,99,73,162,115]
CFO=-6232.619951237221,STO=4
SNRdB=17.22,TXPdB=0
packet_number=159,correct=False,payload=[2,18,34,50,66,82,98,114,130,146,162,178,194,210,226,243,3,18,144,0,0,143,31,184,213,108,56,22,11,87,47,44,153,198,108,42,49,182,51,201,151,57,161,31,106,235,206,69,66,195]
CFO=-14904.875566500485,STO=2
SNRdB=nan,TXPdB=0
packet_number=160,correct=False,payload=[178,103,94,36,227,189,105,182,206,85,239,176,140,95,232,158,41,113,119,59,224,226,170,102,130,189,218,152,101,126,100,106,69,117,138,129,131,177,101,246,124,135,74,26,167,202,215,121,29,109]
CFO=2157.5073484189343,STO=2
SNRdB=nan,TXPdB=0
packet_number=161,correct=False,payload=[229,218,115,138,58,142,99,111,189,143,97,213,179,30,78,54,69,194,159,252,243,210,237,15,10,5,249,229,30,82,161,72,215,216,187,226,141,163,193,54,193,39,140,100,190,103,191,84,246,79]
CFO=-9152.923656220892,STO=4
SNRdB=17.42,TXPdB=0
packet_number=162,correct=False,payload=[2,18,34,50,66,82,98,114,130,146,162,178,194,210,226,243,3,18,144,0,59,173,153,176,187,106,239,249,207,202,12,178,188,232,205,69,117,83,46,248,77,33,40,160,28,119,50,39,135,123]
CFO=-2893.0105180776122,STO=3
SNRdB=nan,TXPdB=0
packet_number=163,correct=False,payload=[142,152,231,230,140,62,11,216,88,42,233,168,87,81,26,16,197,90,153,225,58,193,46,141,247,132,104,5,92,35,15,33,8,179,106,105,160,25,215,68,138,92,156,86,45,99,25,83,195,237]
CFO=-10050.400433888353,STO=6
SNRdB=17.88,TXPdB=0
packet_number=164,correct=False,payload=[2,18,34,50,66,82,98,114,130,146,162,178,194,210,226,243,3,18,144,0,47,208,216,24,61,99,254,139,229,40,16,16,71,20,254,36,167,218,172,199,108,196,230,226,127,229,207,75,154,116]
CFO=-10624.67941907218,STO=2
SNRdB=17.49,TXPdB=0
packet_number=165,correct=False,payload=[2,18,34,50,66,82,98,114,130,146,162,178,194,210,226,243,3,18,144,0,46,0,220,211,211,168,4,62,205,1,72,228,69,222,68,141,62,123,162,126,109,141,16,78,23,33,100,80,18,232]
CFO=-10242.039415163372,STO=5
SNRdB=17.60,TXPdB=0
packet_number=166,correct=False,payload=[2,18,34,50,66,82,98,114,130,146,162,178,194,210,226,243,3,18,144,0,57,203,156,28,42,113,254,230,146,24,154,224,171,78,78,124,254,136,85,20,143,43,40,69,172,196,150,104,121,5]
CFO=6958.191776825387,STO=2
SNRdB=nan,TXPdB=0
packet_number=167,correct=False,payload=[4,51,139,5,126,126,152,234,243,254,4,93,24,24,139,72,126,254,43,67,203,250,120,164,165,134,192,190,214,203,14,67,71,206,72,190,235,180,197,172,84,198,61,78,54,133,240,244,14,32]
CFO=-6550.781665004704,STO=3
SNRdB=nan,TXPdB=0
packet_number=168,correct=False,payload=[102,110,232,56,16,199,212,128,45,45,208,115,199,101,68,111,26,29,28,52,195,200,235,212,26,80,215,239,212,1,45,187,96,42,45,30,148,223,9,118,226,45,31,185,153,143,49,197,130,163]
CFO=-6716.746368360533,STO=5
SNRdB=16.61,TXPdB=0
packet_number=169,correct=False,payload=[2,18,34,50,66,82,98,114,130,146,162,178,194,210,226,243,3,18,144,0,62,143,98,153,35,46,21,203,5,60,202,185,34,89,235,80,139,160,43,147,233,9,151,26,110,204,83,41,68,207]
CFO=-11259.196878185978,STO=0
SNRdB=16.81,TXPdB=0
packet_number=170,correct=False,payload=[2,18,34,50,66,82,98,114,130,146,162,178,194,210,226,243,3,18,144,0,50,24,57,175,211,165,175,248,29,251,0,8,15,198,51,88,175,165,45,212,206,34,116,29,127,170,246,182,0,141]
CFO=4929.120740373417,STO=2
SNRdB=4.08,TXPdB=0
packet_number=171,correct=False,payload=[0,42,92,39,40,110,57,94,158,80,137,138,27,80,162,113,214,27,158,90,244,86,87,83,1,85,167,26,30,200,184,24,83,210,73,15,154,138,160,4,147,210,49,250,99,116,229,25,170,98]
CFO=-7698.138423283949,STO=7
SNRdB=nan,TXPdB=0
packet_number=172,correct=False,payload=[115,255,78,231,158,14,56,29,45,32,37,26,24,66,7,154,63,166,192,46,43,217,136,35,24,51,1,3,21,135,35,103,241,79,175,198,140,16,15,108,182,175,5,112,228,135,50,153,81,248]
CFO=-12297.642949918523,STO=0
SNRdB=nan,TXPdB=0
packet_number=173,correct=False,payload=[196,192,71,242,239,49,113,20,97,14,143,26,1,239,130,156,203,147,100,204,36,83,218,53,36,89,214,159,181,154,142,206,29,0,111,116,159,109,0,79,67,109,64,53,97,62,4,89,5,194]
CFO=13429.299759480586,STO=6
SNRdB=nan,TXPdB=0
packet_number=174,correct=False,payload=[203,113,140,121,34,231,187,185,171,56,60,126,153,42,43,251,150,109,188,56,247,90,181,165,223,243,82,161,250,117,183,156,59,76,168,63,12,104,104,121,33,19,143,64,21,117,57,10,144,156]
CFO=6748.793710809971,STO=6
SNRdB=nan,TXPdB=0
packet_number=175,correct=False,payload=[155,253,6,148,216,24,216,114,50,0,143,103,45,219,27,138,174,1,42,232,224,64,133,230,38,82,12,194,216,213,18,21,228,4,13,162,38,66,144,218,18,65,5,132,173,123,165,117,81,129]
CFO=-9947.137697170954,STO=7
SNRdB=nan,TXPdB=0
packet_number=176,correct=False,payload=[187,7,116,78,93,183,0,103,50,5,150,185,231,94,182,234,152,40,11,45,137,78,54,0,198,133,199,145,214,141,192,8,0,128,233,254,208,231,23,243,208,238,87,38,97,198,197,69,197,169]
CFO=-338.00628145221367,STO=5
SNRdB=nan,TXPdB=0
packet_number=177,correct=False,payload=[41,79,19,229,88,161,237,230,101,175,202,136,171,27,138,228,193,218,102,153,51,234,51,11,12,37,119,47,164,144,200,116,30,196,89,231,61,41,206,41,228,164,163,156,118,247,22,218,241,146]
CFO=4032.626691746692,STO=4
SNRdB=nan,TXPdB=0
packet_number=178,correct=False,payload=[57,13,37,182,58,86,169,134,42,102,252,1,145,189,192,59,232,138,168,3,157,176,174,111,153,82,122,122,196,202,181,93,23,2,43,217,31,203,42,249,197,83,238,137,118,73,175,62,37,76]
CFO=-1995.884588017906,STO=6
SNRdB=nan,TXPdB=0
packet_number=179,correct=False,payload=[67,237,182,194,131,171,117,59,183,178,93,199,74,43,184,223,156,3,141,141,147,189,78,156,199,124,53,18,107,88,77,147,205,200,210,99,151,42,95,162,31,71,251,9,12,224,253,38,232,105]
CFO=926.0323193058643,STO=5
SNRdB=nan,TXPdB=0
packet_number=180,correct=False,payload=[224,96,7,105,226,76,232,134,238,7,211,103,75,148,244,116,179,165,123,196,41,94,154,174,29,46,172,239,49,244,48,255,174,193,56,116,162,93,132,45,160,172,155,114,223,158,11,29,169,248]
CFO=5001.910576250837,STO=6
SNRdB=nan,TXPdB=0
packet_number=181,correct=False,payload=[40,218,123,93,238,135,126,23,65,24,33,204,40,88,235,234,219,206,167,163,228,253,117,190,24,144,25,225,122,90,166,41,241,28,155,206,29,168,120,139,173,251,137,99,139,147,131,157,94,166]
CFO=10004.710500049854,STO=0
SNRdB=-14.99,TXPdB=0
packet_number=182,correct=False,payload=[16,43,107,202,91,124,9,46,15,189,27,224,240,237,11,201,95,100,140,105,201,115,8,49,30,202,152,40,89,60,186,100,112,112,82,185,61,117,21,135,74,199,4,251,92,114,68,97,142,156]
CFO=-5906.927835330125,STO=5
SNRdB=nan,TXPdB=0
packet_number=183,correct=False,payload=[160,84,24,123,13,149,207,7,198,43,238,200,78,224,233,41,154,186,221,142,228,210,186,143,45,66,34,7,224,249,47,211,126,129,117,34,20,242,83,4,233,20,61,127,9,234,157,227,232,50]
CFO=9679.333213174812,STO=7
SNRdB=nan,TXPdB=0
packet_number=184,correct=False,payload=[247,147,252,119,245,6,139,108,248,18,105,53,167,214,66,80,188,91,107,47,176,126,203,83,72,213,43,199,165,87,25,168,217,43,187,128,87,95,158,91,22,91,45,15,113,221,62,115,240,122]
CFO=-1225.5899199375883,STO=1
SNRdB=nan,TXPdB=0
packet_number=185,correct=False,payload=[12,62,147,123,40,211,115,31,207,73,81,122,143,128,99,96,32,51,150,175,174,135,206,163,233,150,214,220,235,51,160,138,206,112,103,92,38,255,252,192,217,219,149,125,223,202,150,210,183,243]
CFO=-11960.053735410258,STO=5
SNRdB=-11.78,TXPdB=0
packet_number=186,correct=False,payload=[219,30,88,59,165,228,226,172,91,35,106,119,114,166,221,116,79,93,193,51,86,166,78,173,120,10,213,225,22,91,17,181,252,218,117,137,29,60,130,133,38,220,150,73,186,66,105,43,13,16]
CFO=2723.640502959808,STO=4
SNRdB=nan,TXPdB=0
packet_number=187,correct=False,payload=[144,191,78,52,224,10,157,102,196,63,31,67,79,63,88,139,237,150,119,130,88,132,168,194,13,83,142,90,76,149,6,85,96,66,150,107,249,254,213,63,51,183,226,162,24,217,135,119,197,200]
CFO=-2836.000079298345,STO=2
SNRdB=nan,TXPdB=0
packet_number=188,correct=False,payload=[40,106,182,222,101,167,231,48,217,105,25,249,120,36,50,123,146,28,0,206,93,46,251,85,148,131,17,10,62,154,220,193,27,47,155,184,15,112,210,92,41,155,64,59,10,219,230,175,253,151]
CFO=-1142.8544363165895,STO=5
SNRdB=nan,TXPdB=0
packet_number=189,correct=False,payload=[183,71,96,63,104,125,91,169,163,206,192,107,24,6,65,134,81,16,60,157,73,81,50,120,143,27,219,73,32,32,20,117,110,222,22,41,94,183,188,159,94,177,220,2,36,129,153,49,249,117]
CFO=7450.942493572571,STO=7
SNRdB=nan,TXPdB=0
packet_number=190,correct=False,payload=[214,26,45,108,129,213,204,79,140,163,128,157,197,33,204,65,134,97,171,30,147,149,214,248,197,114,254,95,177,32,15,130,102,80,93,187,13,105,135,203,193,9,74,67,220,54,94,64,133,24]
CFO=-4225.103734861276,STO=7
SNRdB=nan,TXPdB=0
packet_number=191,correct=False,payload=[251,13,213,139,38,42,242,140,205,35,113,16,48,11,38,55,32,211,48,10,38,182,251,10,161,20,64,26,52,5,233,170,248,107,148,120,213,179,182,162,129,46,127,251,194,85,39,177,121,34]
CFO=14705.948678517325,STO=2
SNRdB=nan,TXPdB=0
packet_number=192,correct=False,payload=[254,162,163,188,25,0,127,32,36,78,20,63,99,199,137,17,152,90,50,165,29,164,202,108,224,244,119,122,143,155,22,251,231,2,81,178,60,119,43,137,129,183,172,103,243,44,62,100,108,225]
CFO=-11936.030679438853,STO=4
SNRdB=nan,TXPdB=0
packet_number=193,correct=False,payload=[150,124,180,92,231,33,245,224,255,23,37,222,27,200,117,238,36,98,96,251,36,202,208,71,172,18,237,209,1,185,189,181,114,236,212,131,21,204,98,172,174,34,27,37,91,241,170,82,248,112]
CFO=-1810.1012192246887,STO=5
SNRdB=nan,TXPdB=0
packet_number=194,correct=False,payload=[200,123,59,180,218,227,168,105,144,172,111,237,192,131,23,98,93,187,232,157,210,79,172,74,188,17,76,14,182,222,197,235,10,71,252,241,68,146,167,234,135,99,117,49,226,153,115,145,135,104]
