CFO=8923.202696529528,STO=3
SNRdB=45.32,TXPdB=10
packet_number=1,correct=True,payload=[0,1,2,3,4,5,6,7,8,9,10,11,12,13,14,15,16,17,18,19,20,21,22,23,24,25,26,27,28,29,30,31,32,33,34,35,36,37,38,39,40,41,42,43,44,45,46,47,48,49,50,51,52,53,54,55,56,57,58,59,60,61,62,63,64,65,66,67,68,69,70,71,72,73,74,75,76,77,78,79,80,81,82,83,84,85,86,87,88,89,90,91,92,93,94,95,96,97,98,99]
CFO=-31.578728503298056,STO=7
SNRdB=45.24,TXPdB=10
packet_number=2,correct=True,payload=[0,1,2,3,4,5,6,7,8,9,10,11,12,13,14,15,16,17,18,19,20,21,22,23,24,25,26,27,28,29,30,31,32,33,34,35,36,37,38,39,40,41,42,43,44,45,46,47,48,49,50,51,52,53,54,55,56,57,58,59,60,61,62,63,64,65,66,67,68,69,70,71,72,73,74,75,76,77,78,79,80,81,82,83,84,85,86,87,88,89,90,91,92,93,94,95,96,97,98,99]
CFO=-1148.147403288795,STO=6
SNRdB=nan,TXPdB=10
packet_number=3,correct=False,payload=[79,23,107,60,253,45,121,113,190,42,101,245,224,227,68,47,108,26,11,107,26,255,33,183,139,221,226,245,182,139,26,62,14,28,111,231,188,11,57,68,8,199,159,205,75,190,176,58,0,149,56,156,85,111,117,173,90,204,224,255,162,21,43,64,201,68,140,233,122,81,138,229,69,54,132,116,229,127,112,241,122,204,152,209,235,176,119,56,45,205,116,22,79,110,224,135,211,218,255,173]
CFO=-139.82933863443384,STO=1
SNRdB=45.26,TXPdB=10
packet_number=4,correct=True,payload=[0,1,2,3,4,5,6,7,8,9,10,11,12,13,14,15,16,17,18,19,20,21,22,23,24,25,26,27,28,29,30,31,32,33,34,35,36,37,38,39,40,41,42,43,44,45,46,47,48,49,50,51,52,53,54,55,56,57,58,59,60,61,62,63,64,65,66,67,68,69,70,71,72,73,74,75,76,77,78,79,80,81,82,83,84,85,86,87,88,89,90,91,92,93,94,95,96,97,98,99]
CFO=-106.75249709162766,STO=6
SNRdB=45.21,TXPdB=10
CFO=-278.7940021174611,STO=1
SNRdB=nan,TXPdB=10
packet_number=5,correct=True,payload=[0,1,2,3,4,5,6,7,8,9,10,11,12,13,14,15,16,17,18,19,20,21,22,23,24,25,26,27,28,29,30,31,32,33,34,35,36,37,38,39,40,41,42,43,44,45,46,47,48,49,50,51,52,53,54,55,56,57,58,59,60,61,62,63,64,65,66,67,68,69,70,71,72,73,74,75,76,77,78,79,80,81,82,83,84,85,86,87,88,89,90,91,92,93,94,95,96,97,98,99]
packet_number=6,correct=False,payload=[27,72,229,255,20,50,247,140,34,181,146,141,191,205,58,204,130,181,67,173,20,245,10,30,84,27,30,2,19,14,205,103,95,249,43,215,230,237,210,16,220,202,178,112,148,230,229,182,77,95,37,98,195,225,213,92,46,82,95,168,255,245,92,59,81,243,144,30,156,249,18,185,141,106,32,97,181,231,27,2,209,248,197,204,58,255,118,87,35,205,168,160,81,116,250,103,111,158,220,19]
CFO=8981.202851755044,STO=3
SNRdB=45.39,TXPdB=10
packet_number=7,correct=True,payload=[0,1,2,3,4,5,6,7,8,9,10,11,12,13,14,15,16,17,18,19,20,21,22,23,24,25,26,27,28,29,30,31,32,33,34,35,36,37,38,39,40,41,42,43,44,45,46,47,48,49,50,51,52,53,54,55,56,57,58,59,60,61,62,63,64,65,66,67,68,69,70,71,72,73,74,75,76,77,78,79,80,81,82,83,84,85,86,87,88,89,90,91,92,93,94,95,96,97,98,99]
CFO=288.5499228605777,STO=5
SNRdB=44.92,TXPdB=10
packet_number=8,correct=True,payload=[0,1,2,3,4,5,6,7,8,9,10,11,12,13,14,15,16,17,18,19,20,21,22,23,24,25,26,27,28,29,30,31,32,33,34,35,36,37,38,39,40,41,42,43,44,45,46,47,48,49,50,51,52,53,54,55,56,57,58,59,60,61,62,63,64,65,66,67,68,69,70,71,72,73,74,75,76,77,78,79,80,81,82,83,84,85,86,87,88,89,90,91,92,93,94,95,96,97,98,99]
CFO=-348.2301956467497,STO=5
SNRdB=44.48,TXPdB=10
CFO=10602.848102749163,STO=6
SNRdB=18.97,TXPdB=10
packet_number=9,correct=False,payload=[0,1,2,3,4,5,6,7,8,9,10,11,12,13,14,15,16,17,18,19,20,21,22,23,24,25,26,27,28,29,30,31,32,33,34,35,36,37,38,39,40,41,42,43,44,45,46,47,48,49,50,51,52,53,54,55,56,57,58,59,60,61,62,63,64,65,66,67,68,69,70,71,72,73,74,75,76,77,78,79,80,81,82,83,84,85,86,87,88,89,90,91,92,93,94,95,96,97,98,99]
packet_number=10,correct=False,payload=[195,101,90,10,120,36,2,204,248,50,44,115,200,167,219,97,192,239,32,10,1,176,209,104,20,88,191,18,26,69,53,1,158,113,212,52,140,65,184,17,96,204,52,18,185,139,50,43,82,18,100,60,133,137,20,212,120,72,152,132,41,165,114,32,162,53,97,112,0,35,53,152,24,3,196,240,82,97,165,8,58,1,21,93,43,92,138,208,121,43,152,160,41,35,94,87,204,55,98,101]
CFO=185.74545627408702,STO=0
SNRdB=44.95,TXPdB=10
CFO=-11564.802908940223,STO=2
SNRdB=13.95,TXPdB=10
packet_number=11,correct=False,payload=[0,1,2,3,4,5,6,7,8,9,10,11,12,13,14,15,16,17,18,19,20,21,22,23,24,25,26,27,28,29,30,31,32,33,34,35,36,37,38,39,40,41,42,43,44,45,46,47,48,49,50,51,52,53,54,55,56,57,58,59,60,61,62,63,64,65,66,67,68,69,70,71,72,73,74,75,76,77,78,79,80,81,82,83,84,85,86,87,88,89,90,91,92,93,94,95,96,97,98,99]
packet_number=12,correct=False,payload=[219,54,227,147,109,115,253,191,183,181,106,153,111,153,127,127,176,252,33,165,174,250,253,97,129,239,227,163,90,203,125,190,247,247,171,214,127,109,191,235,106,111,250,240,94,219,93,205,29,155,239,125,113,219,139,61,182,81,205,214,100,156,204,247,243,87,221,215,255,245,135,151,189,169,247,185,25,253,246,61,46,252,111,23,61,218,120,76,255,241,47,63,80,203,59,169,209,59,127,7]
CFO=2643.079589619415,STO=2
SNRdB=45.20,TXPdB=10
packet_number=13,correct=True,payload=[0,1,2,3,4,5,6,7,8,9,10,11,12,13,14,15,16,17,18,19,20,21,22,23,24,25,26,27,28,29,30,31,32,33,34,35,36,37,38,39,40,41,42,43,44,45,46,47,48,49,50,51,52,53,54,55,56,57,58,59,60,61,62,63,64,65,66,67,68,69,70,71,72,73,74,75,76,77,78,79,80,81,82,83,84,85,86,87,88,89,90,91,92,93,94,95,96,97,98,99]
CFO=-95.3252129408719,STO=5
SNRdB=44.92,TXPdB=10
CFO=7402.310835360055,STO=6
SNRdB=20.17,TXPdB=10
packet_number=14,correct=False,payload=[0,1,2,3,4,5,6,7,8,9,10,11,12,13,14,15,16,17,18,19,20,21,22,23,24,25,26,27,28,29,30,31,32,33,34,35,36,37,38,39,40,41,42,43,44,45,46,47,48,49,50,51,52,53,54,55,56,57,58,59,60,61,62,63,64,65,66,67,68,69,70,71,72,73,74,75,76,77,78,79,80,81,82,83,84,85,86,87,88,89,90,91,92,93,94,95,96,97,98,99]
packet_number=15,correct=False,payload=[160,64,16,22,7,180,148,3,199,7,113,12,64,9,0,13,96,161,238,30,91,249,117,123,22,18,151,132,229,58,122,133,158,87,48,184,33,48,236,9,80,203,72,112,50,40,122,208,51,248,96,158,210,52,113,34,176,9,2,12,218,1,189,25,246,22,128,16,108,208,130,187,60,206,96,148,41,70,171,96,3,19,59,43,203,66,213,35,22,70,201,33,18,136,18,35,62,128,87,16]
CFO=1202.57522507244,STO=3
SNRdB=45.29,TXPdB=10
packet_number=16,correct=True,payload=[0,1,2,3,4,5,6,7,8,9,10,11,12,13,14,15,16,17,18,19,20,21,22,23,24,25,26,27,28,29,30,31,32,33,34,35,36,37,38,39,40,41,42,43,44,45,46,47,48,49,50,51,52,53,54,55,56,57,58,59,60,61,62,63,64,65,66,67,68,69,70,71,72,73,74,75,76,77,78,79,80,81,82,83,84,85,86,87,88,89,90,91,92,93,94,95,96,97,98,99]
CFO=-3556.633505917068,STO=6
SNRdB=45.28,TXPdB=10
packet_number=17,correct=True,payload=[0,1,2,3,4,5,6,7,8,9,10,11,12,13,14,15,16,17,18,19,20,21,22,23,24,25,26,27,28,29,30,31,32,33,34,35,36,37,38,39,40,41,42,43,44,45,46,47,48,49,50,51,52,53,54,55,56,57,58,59,60,61,62,63,64,65,66,67,68,69,70,71,72,73,74,75,76,77,78,79,80,81,82,83,84,85,86,87,88,89,90,91,92,93,94,95,96,97,98,99]
CFO=198.9197583699346,STO=7
SNRdB=45.14,TXPdB=10
CFO=1185.6657896935956,STO=0
packet_number=18,correct=False,payload=[0,1,2,3,4,5,6,7,8,9,10,11,12,13,14,15,16,17,18,19,20,21,22,23,24,25,26,27,28,29,30,31,32,33,34,35,36,37,38,39,40,41,42,43,44,45,46,47,48,49,50,51,52,53,54,55,56,57,58,59,60,61,62,63,64,65,66,67,68,69,70,71,72,73,74,75,76,77,78,79,80,81,82,83,84,85,86,87,88,89,90,91,92,93,94,95,96,97,98,99]
SNRdB=24.91,TXPdB=10
packet_number=19,correct=False,payload=[151,22,31,52,73,71,88,82,221,37,118,23,229,88,155,249,115,210,124,19,199,47,194,80,183,103,201,132,83,196,82,113,245,184,98,181,29,24,144,220,224,45,160,205,74,46,177,34,226,135,38,183,59,240,74,17,192,203,219,17,93,199,189,190,176,81,93,59,196,81,5,203,114,18,7,33,200,1,54,94,171,68,146,63,152,12,80,117,255,215,124,109,92,63,100,132,150,248,181,171]
CFO=5897.563079950305,STO=4
SNRdB=45.31,TXPdB=10
packet_number=20,correct=True,payload=[0,1,2,3,4,5,6,7,8,9,10,11,12,13,14,15,16,17,18,19,20,21,22,23,24,25,26,27,28,29,30,31,32,33,34,35,36,37,38,39,40,41,42,43,44,45,46,47,48,49,50,51,52,53,54,55,56,57,58,59,60,61,62,63,64,65,66,67,68,69,70,71,72,73,74,75,76,77,78,79,80,81,82,83,84,85,86,87,88,89,90,91,92,93,94,95,96,97,98,99]
CFO=-158.86730050827518,STO=6
SNRdB=45.25,TXPdB=10
packet_number=21,correct=True,payload=[0,1,2,3,4,5,6,7,8,9,10,11,12,13,14,15,16,17,18,19,20,21,22,23,24,25,26,27,28,29,30,31,32,33,34,35,36,37,38,39,40,41,42,43,44,45,46,47,48,49,50,51,52,53,54,55,56,57,58,59,60,61,62,63,64,65,66,67,68,69,70,71,72,73,74,75,76,77,78,79,80,81,82,83,84,85,86,87,88,89,90,91,92,93,94,95,96,97,98,99]
CFO=1394.1417888271142,STO=1
SNRdB=45.33,TXPdB=10
packet_number=22,correct=True,payload=[0,1,2,3,4,5,6,7,8,9,10,11,12,13,14,15,16,17,18,19,20,21,22,23,24,25,26,27,28,29,30,31,32,33,34,35,36,37,38,39,40,41,42,43,44,45,46,47,48,49,50,51,52,53,54,55,56,57,58,59,60,61,62,63,64,65,66,67,68,69,70,71,72,73,74,75,76,77,78,79,80,81,82,83,84,85,86,87,88,89,90,91,92,93,94,95,96,97,98,99]
CFO=-355.4807890746134,STO=2
SNRdB=45.26,TXPdB=10
packet_number=23,correct=True,payload=[0,1,2,3,4,5,6,7,8,9,10,11,12,13,14,15,16,17,18,19,20,21,22,23,24,25,26,27,28,29,30,31,32,33,34,35,36,37,38,39,40,41,42,43,44,45,46,47,48,49,50,51,52,53,54,55,56,57,58,59,60,61,62,63,64,65,66,67,68,69,70,71,72,73,74,75,76,77,78,79,80,81,82,83,84,85,86,87,88,89,90,91,92,93,94,95,96,97,98,99]
CFO=2004.0023116409955,STO=4
SNRdB=45.34,TXPdB=10
packet_number=24,correct=True,payload=[0,1,2,3,4,5,6,7,8,9,10,11,12,13,14,15,16,17,18,19,20,21,22,23,24,25,26,27,28,29,30,31,32,33,34,35,36,37,38,39,40,41,42,43,44,45,46,47,48,49,50,51,52,53,54,55,56,57,58,59,60,61,62,63,64,65,66,67,68,69,70,71,72,73,74,75,76,77,78,79,80,81,82,83,84,85,86,87,88,89,90,91,92,93,94,95,96,97,98,99]
CFO=8332.065083906477,STO=5
SNRdB=45.35,TXPdB=10
packet_number=25,correct=True,payload=[0,1,2,3,4,5,6,7,8,9,10,11,12,13,14,15,16,17,18,19,20,21,22,23,24,25,26,27,28,29,30,31,32,33,34,35,36,37,38,39,40,41,42,43,44,45,46,47,48,49,50,51,52,53,54,55,56,57,58,59,60,61,62,63,64,65,66,67,68,69,70,71,72,73,74,75,76,77,78,79,80,81,82,83,84,85,86,87,88,89,90,91,92,93,94,95,96,97,98,99]
CFO=541.1066993127145,STO=2
SNRdB=44.68,TXPdB=10
CFO=-1062.2635977273612,STO=1
SNRdB=nan,TXPdB=10
packet_number=26,correct=True,payload=[0,1,2,3,4,5,6,7,8,9,10,11,12,13,14,15,16,17,18,19,20,21,22,23,24,25,26,27,28,29,30,31,32,33,34,35,36,37,38,39,40,41,42,43,44,45,46,47,48,49,50,51,52,53,54,55,56,57,58,59,60,61,62,63,64,65,66,67,68,69,70,71,72,73,74,75,76,77,78,79,80,81,82,83,84,85,86,87,88,89,90,91,92,93,94,95,96,97,98,99]
packet_number=27,correct=False,payload=[109,239,1,253,136,236,164,244,229,183,109,23,179,24,234,65,90,101,61,79,98,28,111,153,57,184,80,145,60,223,178,153,226,220,129,146,7,174,50,171,141,93,81,237,86,101,163,238,193,34,62,58,170,159,224,223,38,213,145,33,217,105,214,126,212,118,80,205,56,19,95,229,14,168,139,158,184,136,126,205,58,159,66,66,227,60,8,38,237,195,20,244,217,137,164,74,103,131,132,170]
CFO=7383.180088619874,STO=7
SNRdB=44.21,TXPdB=10
CFO=12490.91599333368,STO=1
SNRdB=nan,TXPdB=10
packet_number=28,correct=True,payload=[0,1,2,3,4,5,6,7,8,9,10,11,12,13,14,15,16,17,18,19,20,21,22,23,24,25,26,27,28,29,30,31,32,33,34,35,36,37,38,39,40,41,42,43,44,45,46,47,48,49,50,51,52,53,54,55,56,57,58,59,60,61,62,63,64,65,66,67,68,69,70,71,72,73,74,75,76,77,78,79,80,81,82,83,84,85,86,87,88,89,90,91,92,93,94,95,96,97,98,99]
CFO=405.8979115308266,STO=2
SNRdB=-8.95,TXPdB=10
packet_number=29,correct=False,payload=[0,0,0,0,0,0,0,0,0,0,64,0,128,128,70,102,68,124,152,52,12,0,194,11,5,53,18,178,66,96,244,129,102,8,32,168,36,51,225,102,240,55,233,7,176,248,26,42,42,113,128,192,193,40,13,109,1,29,2,33,156,77,209,10,239,15,97,188,57,16,145,172,107,20,222,89,94,126,155,48,211,67,9,0,204,232,224,54,218,123,134,211,16,60,40,53,216,27,17,24]
CFO=54.095692001416815,STO=3
SNRdB=12.51,TXPdB=10
packet_number=30,correct=False,payload=[115,5,200,88,161,33,53,251,132,33,175,12,139,137,46,134,108,44,101,150,159,94,54,206,158,27,31,109,131,66,214,234,11,137,97,90,178,3,75,151,118,126,141,113,169,19,41,232,208,192,19,200,197,253,98,237,36,217,29,100,230,25,98,247,199,140,92,160,233,79,107,153,92,78,210,74,4,122,234,220,216,36,203,44,205,40,146,177,172,186,22,53,14,179,112,138,5,49,242,83]
CFO=327.95473507702775,STO=7
SNRdB=7.07,TXPdB=10
packet_number=31,correct=False,payload=[237,77,234,59,16,70,200,210,225,89,106,161,59,85,157,225,23,33,189,175,139,231,72,218,107,196,244,190,43,182,59,199,95,123,187,92,147,109,14,98,252,234,52,11,113,77,193,8,202,1,39,39,241,21,147,45,172,158,115,128,250,118,121,26,245,41,183,62,65,93,72,223,137,18,197,30,30,216,229,56,4,102,47,71,145,108,56,30,102,47,50,219,83,89,207,173,98,234,96,161]
CFO=121.56299919910661,STO=2
packet_number=32,correct=False,payload=[34,166,54,130,135,254,152,177,211,13,173,93,178,42,146,42,144,207,174,190,34,182,23,9,66,204,39,59,224,225,85,155,11,175,233,216,177,90,121,115,237,184,231,134,141,165,119,222,173,197,44,227,56,89,57,144,176,106,110,159,196,146,137,251,50,175,195,200,215,19,107,89,248,240,81,51,99,50,91,142,102,0,204,39,170,11,230,210,195,29,45,129,181,205,124,132,68,224,113,10]
SNRdB=11.47,TXPdB=10
CFO=199.1580211599822,STO=5
SNRdB=12.72,TXPdB=10
packet_number=33,correct=False,payload=[219,60,164,150,35,33,129,192,211,83,117,69,52,212,158,73,240,151,246,233,210,159,145,65,181,117,150,24,122,81,239,9,120,57,88,149,69,249,90,214,40,103,58,126,195,255,183,221,16,105,67,15,240,42,100,191,35,199,170,23,151,130,115,109,36,115,5,161,134,39,122,198,108,13,96,111,188,218,222,99,82,85,66,104,7,115,219,244,232,36,46,84,42,14,27,82,165,238,89,31]
CFO=1082.112932454881,STO=3
SNRdB=50.89,TXPdB=10
packet_number=34,correct=False,payload=[148,136,247,30,226,187,32,172,8,246,87,162,11,45,217,21,34,68,9,55,174,228,160,138,244,154,189,244,5,130,86,24,244,160,30,125,126,33,46,12,251,242,167,72,113,249,159,154,122,26,21,226,157,100,226,170,90,167,110,19,34,178,107,115,21,36,42,74,229,167,57,77,93,242,157,73,109,34,219,109,61,184,168,210,74,134,243,20,43,151,170,53,143,228,106,137,212,27,200,220]
CFO=7000.665626154548,STO=7
SNRdB=38.79,TXPdB=10
packet_number=35,correct=False,payload=[197,85,85,85,84,248,169,82,220,0,4,8,12,16,20,24,28,32,36,40,44,48,52,56,60,64,68,72,76,80,84,88,92,96,100,104,108,112,116,120,124,128,132,136,140,144,148,152,156,160,164,168,172,176,180,184,188,192,196,200,204,208,212,216,220,224,228,232,236,240,244,248,253,1,5,9,13,17,21,25,29,33,37,41,45,49,53,57,61,65,69,73,77,81,85,89,93,97,101,105]
packet_number=36,correct=False,payload=[0,0,1,16,64,48,6,33,219,52,196,222,141,4,145,21,47,85,20,161,243,14,4,16,116,248,93,16,51,196,195,136,51,73,73,195,26,104,116,80,151,241,64,170,56,53,21,240,103,187,233,75,194,239,41,19,120,56,112,65,7,199,212,128,89,93,169,127,52,72,42,67,47,184,63,193,20,153,207,98,45,77,245,231,232,204,233,128,27,17,188,30,124,109,123,172,214,145,8,183]
CFO=-447.73781475349693,STO=2
SNRdB=48.84,TXPdB=10
CFO=6650.42793456079,STO=5
SNRdB=43.43,TXPdB=10
packet_number=37,correct=False,payload=[111,255,213,178,170,170,170,170,124,84,169,110,0,2,4,6,8,10,12,14,16,18,20,22,24,26,28,30,32,34,36,38,40,42,44,46,48,50,52,54,56,58,60,62,64,66,68,70,72,74,76,78,80,82,84,86,88,90,92,94,96,98,100,102,104,106,108,110,112,114,116,118,120,122,124,126,128,130,132,134,136,138,140,142,144,146,148,150,152,154,156,158,160,162,164,166,168,170,172,174]
packet_number=38,correct=False,payload=[12,0,32,0,64,152,192,4,25,3,139,189,69,52,92,53,133,128,8,2,40,3,104,5,206,14,42,70,205,107,106,61,154,101,168,146,53,252,18,12,174,66,71,118,0,245,42,101,23,152,212,0,98,158,213,151,222,232,128,134,14,48,45,80,36,74,5,43,188,43,108,8,144,14,1,14,205,87,249,194,121,132,11,185,96,150,110,176,17,37,87,199,10,141,213,68,133,120,37,85]
CFO=407.4534820021086,STO=3
SNRdB=49.51,TXPdB=10
packet_number=39,correct=False,payload=[178,176,170,170,170,170,170,167,197,74,150,224,0,32,64,96,128,160,192,225,1,33,65,97,129,161,193,226,2,34,66,98,130,162,194,227,3,35,67,99,131,163,195,228,4,36,68,100,132,164,196,229,5,37,69,101,133,165,197,230,6,38,70,102,134,166,198,231,7,39,71,103,135,167,199,232,8,40,72,104,136,168,200,233,9,41,73,105,137,169,201,234,10,42,74,106,138,170,202,235]
CFO=7101.680695982189,STO=4
SNRdB=42.04,TXPdB=10
packet_number=40,correct=False,payload=[0,4,0,11,4,8,1,14,35,21,32,152,10,16,8,208,3,210,215,114,65,227,98,132,168,12,240,172,43,108,40,242,0,37,128,53,0,226,184,156,165,108,136,215,20,217,40,110,37,113,255,224,41,3,81,39,187,64,26,76,41,121,17,33,96,69,165,85,9,232,142,80,19,188,108,88,18,77,107,52,146,24,116,49,32,16,69,6,52,80,119,192,64,153,160,24,208,13,131,101]
CFO=22.311490666618283,STO=7
SNRdB=50.40,TXPdB=10
CFO=9920.588851839671,STO=2
packet_number=41,correct=False,payload=[170,170,170,169,241,82,165,184,0,8,16,24,32,40,48,56,64,72,80,88,96,104,112,120,128,136,144,152,160,168,176,184,192,200,208,216,224,232,240,249,1,9,17,25,33,41,49,57,65,73,81,89,97,105,113,121,129,137,145,153,161,169,177,185,193,201,209,217,225,233,241,250,2,10,18,26,34,42,50,58,66,74,82,90,98,106,114,122,130,138,146,154,162,170,178,186,194,202,210,218]
SNRdB=39.62,TXPdB=10
packet_number=42,correct=False,payload=[0,0,0,0,0,0,130,35,137,132,90,102,242,160,189,61,180,177,231,228,145,5,19,27,144,251,173,220,3,160,96,20,147,132,8,92,37,14,194,170,55,128,249,193,56,6,4,26,7,156,55,131,32,197,105,0,40,175,24,5,160,224,197,172,162,81,168,50,76,17,100,169,92,154,115,162,65,18,80,191,48,98,132,44,198,39,216,226,69,102,201,30,253,176,104,64,169,208,240,209]
CFO=-1030.218604779228,STO=5
SNRdB=5.30,TXPdB=10
CFO=461.07416062049924,STO=0
SNRdB=5.48,TXPdB=10
packet_number=43,correct=False,payload=[207,255,254,255,35,185,175,248,239,181,76,62,223,84,218,162,59,230,83,247,113,54,170,127,95,65,100,95,178,215,88,75,77,7,217,150,138,68,114,125,188,197,19,90,130,4,41,55,215,121,209,103,35,41,251,239,158,200,134,134,229,6,186,47,66,240,218,211,49,121,217,120,70,126,65,94,207,164,77,96,180,137,222,49,255,118,93,62,76,66,177,249,227,157,24,247,91,220,43,147]
packet_number=44,correct=False,payload=[229,54,50,202,169,1,10,86,84,172,20,35,241,197,192,63,181,65,3,15,153,128,152,196,41,1,170,30,29,224,238,97,33,245,76,207,188,32,173,136,64,236,168,122,127,235,123,106,124,88,129,149,121,128,150,24,44,196,85,223,106,185,48,26,32,176,113,102,97,69,118,79,225,110,69,228,148,122,123,136,74,253,212,34,169,106,3,247,241,136,49,32,200,38,196,185,18,116,103,228]
CFO=-489.60558238024396,STO=0
SNRdB=5.46,TXPdB=10
CFO=71.50296720086337,STO=7
SNRdB=6.48,TXPdB=10
packet_number=45,correct=False,payload=[159,198,43,253,71,207,46,93,174,28,121,168,175,196,156,151,226,188,102,35,67,42,246,247,245,32,212,139,160,171,206,218,211,1,194,255,53,119,104,133,2,34,242,24,247,127,2,239,111,202,120,65,186,23,166,19,237,72,74,230,235,131,8,127,68,85,174,29,215,63,179,170,244,253,137,170,187,233,245,239,75,134,158,171,247,197,41,196,200,198,198,229,191,91,101,97,63,64,173,187]
CFO=-229.7919498595508,STO=4
packet_number=46,correct=False,payload=[235,171,209,211,52,224,95,196,156,209,111,89,207,218,28,74,177,19,48,163,20,244,137,123,246,199,163,158,157,30,163,246,226,31,24,172,145,245,36,72,76,175,204,48,95,116,17,70,83,122,112,84,77,123,117,66,21,153,185,33,48,129,26,94,148,198,82,68,160,239,50,88,240,88,98,24,135,17,229,143,71,0,31,20,230,175,218,214,249,86,184,104,47,210,253,124,234,227,53,224]
SNRdB=8.77,TXPdB=10
CFO=39.30852910124235,STO=5
packet_number=47,correct=False,payload=[90,231,56,223,210,232,184,213,64,159,40,247,217,33,255,163,211,53,51,184,80,241,52,179,137,80,100,138,85,94,172,149,201,197,64,48,31,61,85,37,78,127,78,70,165,200,172,203,41,9,33,237,87,22,186,214,170,221,219,36,139,161,84,188,234,65,40,103,189,0,88,242,61,75,252,202,179,64,1,252,189,91,109,46,227,17,94,182,198,27,201,242,87,21,58,187,58,189,190,109]
SNRdB=-1.24,TXPdB=10
CFO=5132.945309979343,STO=3
SNRdB=52.79,TXPdB=10
packet_number=48,correct=False,payload=[6,203,145,46,249,190,44,5,51,150,162,227,193,112,227,122,10,133,170,38,107,87,111,203,76,21,203,130,149,83,87,81,183,15,196,137,188,102,193,100,35,110,28,192,146,26,87,141,229,16,232,132,233,81,181,173,181,86,44,19,148,15,18,146,210,115,28,71,150,90,7,70,108,8,109,202,170,170,170,169,241,82,165,184,0,8,16,24,32,40,48,56,64,72,80,88,96,104,112,120]
CFO=299.8768277063664,STO=0
SNRdB=7.92,TXPdB=10
packet_number=49,correct=False,payload=[129,145,161,177,193,209,225,242,2,18,34,50,66,82,98,114,130,146,162,178,194,210,226,243,3,19,35,51,67,83,99,115,131,147,163,179,195,211,227,244,4,20,36,52,68,84,100,116,132,148,164,180,196,212,228,245,5,21,37,53,69,85,101,117,133,149,165,181,197,213,229,246,6,22,38,60,48,0,0,0,0,0,0,0,1,0,5,8,6,18,72,195,203,102,128,38,116,40,122,2]
packet_number=50,correct=False,payload=[88,125,184,62,70,137,81,172,130,110,36,71,17,8,158,9,54,146,20,148,199,125,177,34,126,117,21,161,237,215,130,123,99,184,20,145,193,145,27,13,113,20,59,166,185,128,166,4,58,204,179,89,2,19,47,32,175,135,151,183,188,8,15,201,174,240,101,197,120,189,68,191,205,47,161,86,173,70,86,151,230,230,244,105,169,204,36,135,227,12,18,180,130,146,39,77,38,172,182,233]
CFO=-441.6109672341487,STO=3
SNRdB=48.36,TXPdB=10
CFO=4172.3155170941,STO=1
packet_number=51,correct=False,payload=[241,95,251,130,170,170,170,170,124,84,169,110,0,2,4,6,8,10,12,14,16,18,20,22,24,26,28,30,32,34,36,38,40,42,44,46,48,50,52,54,56,58,60,62,64,66,68,70,72,74,76,78,80,82,84,86,88,90,92,94,96,98,100,102,104,106,108,110,112,114,116,118,120,122,124,126,128,130,132,134,136,138,140,142,144,146,148,150,152,154,156,158,160,162,164,166,168,170,172,174]
SNRdB=47.11,TXPdB=10
packet_number=52,correct=False,payload=[12,2,0,32,0,0,32,0,38,139,213,68,117,11,65,65,150,180,20,189,22,99,186,38,127,23,202,138,224,28,225,70,95,236,96,247,17,197,224,87,192,125,39,144,21,226,40,189,74,22,179,91,129,134,4,163,193,236,176,11,194,3,84,48,132,35,95,186,6,164,133,237,30,87,133,173,84,50,194,65,32,184,124,146,22,129,228,113,204,232,83,152,20,106,226,185,209,21,197,255]
CFO=190.60220304102515,STO=2
SNRdB=7.83,TXPdB=10
CFO=642.9884881477129,STO=0
SNRdB=7.42,TXPdB=10
packet_number=53,correct=False,payload=[230,239,28,83,166,73,68,121,33,226,25,71,211,159,156,10,166,103,15,158,60,211,229,1,125,56,180,185,211,100,54,126,89,0,103,110,103,206,104,211,193,118,10,250,86,1,244,164,143,184,246,79,171,25,151,254,141,105,90,213,186,118,146,144,194,207,253,192,98,11,60,157,241,200,186,189,108,144,80,106,53,245,62,126,226,206,215,154,206,255,146,111,117,6,42,217,46,164,90,151]
CFO=-755.3348631217332,STO=1
SNRdB=15.82,TXPdB=10
packet_number=54,correct=False,payload=[37,5,28,104,217,149,102,80,60,179,71,233,16,160,75,85,23,30,52,47,217,110,150,90,35,163,18,192,152,148,55,247,245,247,52,47,23,249,13,82,34,24,138,210,32,102,84,27,20,134,64,37,16,4,128,118,134,209,146,10,131,11,33,237,156,112,188,161,185,245,224,97,45,244,47,3,133,144,103,132,49,53,114,142,6,15,132,227,26,111,41,190,210,246,121,105,137,75,11,51]
CFO=194.62120415678567,STO=3
SNRdB=0.08,TXPdB=10
packet_number=55,correct=False,payload=[187,235,251,127,253,246,255,239,125,255,223,255,239,255,191,255,255,255,255,127,247,255,223,250,175,245,191,253,93,79,76,181,24,254,157,235,45,84,139,252,33,168,60,137,12,133,83,182,50,229,241,205,72,173,52,114,208,25,246,217,142,250,111,225,240,18,242,42,188,182,20,16,172,189,144,227,218,55,159,186,183,87,182,104,89,127,117,239,43,255,107,55,126,168,251,239,142,205,121,27]
CFO=-102.81424531415983,STO=6
SNRdB=-5.46,TXPdB=10
packet_number=56,correct=False,payload=[86,46,212,128,80,144,162,194,85,82,49,219,108,180,235,89,210,45,74,33,56,78,176,13,107,63,234,184,213,0,94,189,172,205,51,172,115,255,75,55,225,101,103,195,211,200,59,144,240,164,143,24,10,88,178,179,139,218,224,222,59,56,184,148,97,101,184,212,60,86,206,69,203,55,84,170,76,199,67,8,65,80,157,251,164,253,189,8,204,91,94,118,139,164,148,66,37,164,214,216]
packet_number=57,correct=False,payload=[106,181,199,207,166,123,128,197,95,172,51,198,161,180,1,236,117,201,121,46,112,235,100,155,160,127,184,60,55,217,251,89,24,82,52,254,79,132,79,231,151,142,54,248,33,131,112,82,184,190,174,23,224,187,103,145,35,189,5,50,62,210,248,219,133,5,181,133,4,200,139,169,170,7,27,46,235,201,77,53,37,148,185,153,204,44,212,44,202,224,198,213,223,72,84,123,152,56,169,49]
CFO=460.8546988507129,STO=0
SNRdB=42.38,TXPdB=10
packet_number=58,correct=True,payload=[0,1,2,3,4,5,6,7,8,9,10,11,12,13,14,15,16,17,18,19,20,21,22,23,24,25,26,27,28,29,30,31,32,33,34,35,36,37,38,39,40,41,42,43,44,45,46,47,48,49,50,51,52,53,54,55,56,57,58,59,60,61,62,63,64,65,66,67,68,69,70,71,72,73,74,75,76,77,78,79,80,81,82,83,84,85,86,87,88,89,90,91,92,93,94,95,96,97,98,99]
CFO=-1034.45356950467,STO=1
SNRdB=41.44,TXPdB=10
packet_number=59,correct=True,payload=[0,1,2,3,4,5,6,7,8,9,10,11,12,13,14,15,16,17,18,19,20,21,22,23,24,25,26,27,28,29,30,31,32,33,34,35,36,37,38,39,40,41,42,43,44,45,46,47,48,49,50,51,52,53,54,55,56,57,58,59,60,61,62,63,64,65,66,67,68,69,70,71,72,73,74,75,76,77,78,79,80,81,82,83,84,85,86,87,88,89,90,91,92,93,94,95,96,97,98,99]
CFO=9138.5399726354,STO=0
SNRdB=40.43,TXPdB=10
packet_number=60,correct=True,payload=[0,1,2,3,4,5,6,7,8,9,10,11,12,13,14,15,16,17,18,19,20,21,22,23,24,25,26,27,28,29,30,31,32,33,34,35,36,37,38,39,40,41,42,43,44,45,46,47,48,49,50,51,52,53,54,55,56,57,58,59,60,61,62,63,64,65,66,67,68,69,70,71,72,73,74,75,76,77,78,79,80,81,82,83,84,85,86,87,88,89,90,91,92,93,94,95,96,97,98,99]
CFO=9130.903627635162,STO=7
SNRdB=37.66,TXPdB=10
CFO=9431.101947881825,STO=7
SNRdB=26.01,TXPdB=10
packet_number=61,correct=False,payload=[0,1,2,3,4,5,6,7,8,9,10,11,12,13,14,15,16,17,18,19,20,21,22,23,24,25,26,27,28,29,30,31,32,33,0,0,0,0,0,0,0,0,0,0,0,0,0,2,64,2,82,168,76,69,49,0,112,86,126,105,8,192,32,108,102,240,161,4,160,136,49,47,75,33,85,65,41,40,235,32,71,139,125,95,163,39,87,161,77,237,237,6,35,38,19,204,98,93,156,104]
packet_number=62,correct=False,payload=[139,11,140,12,141,13,142,14,143,15,144,16,128,0,0,0,0,0,1,2,0,1,136,4,65,4,0,0,1,32,0,8,0,73,4,130,144,1,130,84,178,13,84,24,96,130,1,158,132,71,4,224,4,0,2,201,134,163,128,12,0,16,113,18,100,4,129,4,2,137,133,44,191,130,128,203,108,101,153,206,192,121,20,193,232,70,168,130,128,0,26,210,77,120,0,0,72,12,82,188]
CFO=8544.618098116613,STO=4
SNRdB=29.60,TXPdB=10
packet_number=63,correct=True,payload=[0,1,2,3,4,5,6,7,8,9,10,11,12,13,14,15,16,17,18,19,20,21,22,23,24,25,26,27,28,29,30,31,32,33,34,35,36,37,38,39,40,41,42,43,44,45,46,47,48,49,50,51,52,53,54,55,56,57,58,59,60,61,62,63,64,65,66,67,68,69,70,71,72,73,74,75,76,77,78,79,80,81,82,83,84,85,86,87,88,89,90,91,92,93,94,95,96,97,98,99]
CFO=9238.054414104483,STO=1
SNRdB=29.60,TXPdB=10
packet_number=64,correct=True,payload=[0,1,2,3,4,5,6,7,8,9,10,11,12,13,14,15,16,17,18,19,20,21,22,23,24,25,26,27,28,29,30,31,32,33,34,35,36,37,38,39,40,41,42,43,44,45,46,47,48,49,50,51,52,53,54,55,56,57,58,59,60,61,62,63,64,65,66,67,68,69,70,71,72,73,74,75,76,77,78,79,80,81,82,83,84,85,86,87,88,89,90,91,92,93,94,95,96,97,98,99]
CFO=7221.93887762195,STO=7
SNRdB=29.80,TXPdB=10
packet_number=65,correct=True,payload=[0,1,2,3,4,5,6,7,8,9,10,11,12,13,14,15,16,17,18,19,20,21,22,23,24,25,26,27,28,29,30,31,32,33,34,35,36,37,38,39,40,41,42,43,44,45,46,47,48,49,50,51,52,53,54,55,56,57,58,59,60,61,62,63,64,65,66,67,68,69,70,71,72,73,74,75,76,77,78,79,80,81,82,83,84,85,86,87,88,89,90,91,92,93,94,95,96,97,98,99]
CFO=8989.264371685002,STO=3
SNRdB=29.74,TXPdB=10
packet_number=66,correct=True,payload=[0,1,2,3,4,5,6,7,8,9,10,11,12,13,14,15,16,17,18,19,20,21,22,23,24,25,26,27,28,29,30,31,32,33,34,35,36,37,38,39,40,41,42,43,44,45,46,47,48,49,50,51,52,53,54,55,56,57,58,59,60,61,62,63,64,65,66,67,68,69,70,71,72,73,74,75,76,77,78,79,80,81,82,83,84,85,86,87,88,89,90,91,92,93,94,95,96,97,98,99]
CFO=-1598.4285623501428,STO=0
SNRdB=29.61,TXPdB=10
packet_number=67,correct=True,payload=[0,1,2,3,4,5,6,7,8,9,10,11,12,13,14,15,16,17,18,19,20,21,22,23,24,25,26,27,28,29,30,31,32,33,34,35,36,37,38,39,40,41,42,43,44,45,46,47,48,49,50,51,52,53,54,55,56,57,58,59,60,61,62,63,64,65,66,67,68,69,70,71,72,73,74,75,76,77,78,79,80,81,82,83,84,85,86,87,88,89,90,91,92,93,94,95,96,97,98,99]
CFO=-2606.4728857107966,STO=2
SNRdB=29.76,TXPdB=10
packet_number=68,correct=True,payload=[0,1,2,3,4,5,6,7,8,9,10,11,12,13,14,15,16,17,18,19,20,21,22,23,24,25,26,27,28,29,30,31,32,33,34,35,36,37,38,39,40,41,42,43,44,45,46,47,48,49,50,51,52,53,54,55,56,57,58,59,60,61,62,63,64,65,66,67,68,69,70,71,72,73,74,75,76,77,78,79,80,81,82,83,84,85,86,87,88,89,90,91,92,93,94,95,96,97,98,99]
CFO=7008.027556950903,STO=2
SNRdB=29.83,TXPdB=10
packet_number=69,correct=True,payload=[0,1,2,3,4,5,6,7,8,9,10,11,12,13,14,15,16,17,18,19,20,21,22,23,24,25,26,27,28,29,30,31,32,33,34,35,36,37,38,39,40,41,42,43,44,45,46,47,48,49,50,51,52,53,54,55,56,57,58,59,60,61,62,63,64,65,66,67,68,69,70,71,72,73,74,75,76,77,78,79,80,81,82,83,84,85,86,87,88,89,90,91,92,93,94,95,96,97,98,99]
CFO=8459.32622462478,STO=2
SNRdB=29.78,TXPdB=20
packet_number=70,correct=True,payload=[0,1,2,3,4,5,6,7,8,9,10,11,12,13,14,15,16,17,18,19,20,21,22,23,24,25,26,27,28,29,30,31,32,33,34,35,36,37,38,39,40,41,42,43,44,45,46,47,48,49,50,51,52,53,54,55,56,57,58,59,60,61,62,63,64,65,66,67,68,69,70,71,72,73,74,75,76,77,78,79,80,81,82,83,84,85,86,87,88,89,90,91,92,93,94,95,96,97,98,99]
CFO=8673.035708351252,STO=4
SNRdB=29.80,TXPdB=20
packet_number=71,correct=True,payload=[0,1,2,3,4,5,6,7,8,9,10,11,12,13,14,15,16,17,18,19,20,21,22,23,24,25,26,27,28,29,30,31,32,33,34,35,36,37,38,39,40,41,42,43,44,45,46,47,48,49,50,51,52,53,54,55,56,57,58,59,60,61,62,63,64,65,66,67,68,69,70,71,72,73,74,75,76,77,78,79,80,81,82,83,84,85,86,87,88,89,90,91,92,93,94,95,96,97,98,99]
CFO=-2954.3030586405666,STO=7
SNRdB=29.73,TXPdB=20
packet_number=72,correct=True,payload=[0,1,2,3,4,5,6,7,8,9,10,11,12,13,14,15,16,17,18,19,20,21,22,23,24,25,26,27,28,29,30,31,32,33,34,35,36,37,38,39,40,41,42,43,44,45,46,47,48,49,50,51,52,53,54,55,56,57,58,59,60,61,62,63,64,65,66,67,68,69,70,71,72,73,74,75,76,77,78,79,80,81,82,83,84,85,86,87,88,89,90,91,92,93,94,95,96,97,98,99]
CFO=9083.205358604377,STO=3
SNRdB=29.77,TXPdB=20
packet_number=73,correct=True,payload=[0,1,2,3,4,5,6,7,8,9,10,11,12,13,14,15,16,17,18,19,20,21,22,23,24,25,26,27,28,29,30,31,32,33,34,35,36,37,38,39,40,41,42,43,44,45,46,47,48,49,50,51,52,53,54,55,56,57,58,59,60,61,62,63,64,65,66,67,68,69,70,71,72,73,74,75,76,77,78,79,80,81,82,83,84,85,86,87,88,89,90,91,92,93,94,95,96,97,98,99]
CFO=2047.5878559228247,STO=0
SNRdB=29.79,TXPdB=20
packet_number=74,correct=True,payload=[0,1,2,3,4,5,6,7,8,9,10,11,12,13,14,15,16,17,18,19,20,21,22,23,24,25,26,27,28,29,30,31,32,33,34,35,36,37,38,39,40,41,42,43,44,45,46,47,48,49,50,51,52,53,54,55,56,57,58,59,60,61,62,63,64,65,66,67,68,69,70,71,72,73,74,75,76,77,78,79,80,81,82,83,84,85,86,87,88,89,90,91,92,93,94,95,96,97,98,99]
CFO=7743.346429457452,STO=4
SNRdB=29.80,TXPdB=20
packet_number=75,correct=True,payload=[0,1,2,3,4,5,6,7,8,9,10,11,12,13,14,15,16,17,18,19,20,21,22,23,24,25,26,27,28,29,30,31,32,33,34,35,36,37,38,39,40,41,42,43,44,45,46,47,48,49,50,51,52,53,54,55,56,57,58,59,60,61,62,63,64,65,66,67,68,69,70,71,72,73,74,75,76,77,78,79,80,81,82,83,84,85,86,87,88,89,90,91,92,93,94,95,96,97,98,99]
CFO=-26.52064374349756,STO=2
SNRdB=-7.68,TXPdB=20
packet_number=76,correct=False,payload=[76,101,128,10,45,74,255,103,95,64,206,128,168,197,163,188,234,253,16,74,103,28,225,198,170,91,119,112,117,254,67,187,203,38,99,87,177,186,191,234,181,129,97,33,241,18,51,249,171,45,120,213,202,183,201,193,241,18,138,167,145,99,195,18,32,156,65,159,126,171,99,23,231,73,36,115,179,37,43,252,148,234,204,88,237,195,37,61,92,224,70,81,180,144,165,162,250,83,92,85]
CFO=-0.0705181060379288,STO=4
SNRdB=-2.57,TXPdB=20
packet_number=77,correct=False,payload=[123,101,196,245,243,143,115,136,84,247,52,80,206,252,46,181,225,56,131,88,169,188,11,164,49,126,16,247,130,112,128,131,176,52,67,214,36,34,154,194,66,120,171,27,39,79,15,230,103,141,168,104,10,8,21,23,171,143,157,142,109,37,7,46,27,21,245,26,217,228,31,12,153,83,24,214,227,53,135,196,70,11,36,3,254,5,107,16,127,34,84,30,78,65,35,183,52,53,28,62]
CFO=99.57696027913157,STO=0
SNRdB=5.51,TXPdB=20
CFO=107.90755106641365,STO=3
SNRdB=4.79,TXPdB=20
packet_number=78,correct=False,payload=[185,253,180,173,145,49,99,85,234,72,165,21,150,78,165,69,218,217,132,74,212,116,24,230,132,90,93,209,118,84,60,66,15,50,5,4,133,187,3,247,190,17,165,122,252,86,93,128,126,17,98,71,162,147,100,59,115,203,136,90,95,100,68,29,119,90,180,79,243,58,230,142,153,121,37,91,12,191,53,242,195,113,177,139,57,207,249,37,226,75,242,111,32,92,118,144,98,3,167,245]
CFO=484.34428366668806,STO=2
SNRdB=0.96,TXPdB=20
CFO=47.54504672256374,STO=6
packet_number=79,correct=False,payload=[180,157,67,76,168,161,50,45,137,136,157,60,151,50,109,97,139,221,98,67,102,66,212,153,218,85,234,245,119,152,152,69,182,209,141,40,69,136,164,110,183,122,22,200,204,126,76,64,236,42,225,30,172,252,32,71,133,159,19,73,157,234,190,52,131,188,127,83,195,117,63,0,162,233,207,187,59,221,159,223,210,202,135,76,140,126,199,211,119,44,234,159,19,255,117,70,222,111,30,13]
SNRdB=-4.90,TXPdB=20
packet_number=80,correct=False,payload=[136,84,173,50,58,87,66,114,77,85,40,2,58,107,125,53,27,5,118,36,5,194,130,135,203,223,153,89,215,27,242,60,162,208,8,56,238,114,79,247,250,233,163,51,205,36,125,116,9,192,154,51,208,8,243,173,25,97,25,182,154,153,82,27,66,0,144,22,98,106,72,70,133,191,125,115,140,36,246,23,223,36,219,49,158,47,81,88,150,232,7,253,172,206,160,183,211,173,230,165]
CFO=46.093110419911554,STO=1
SNRdB=3.59,TXPdB=20
packet_number=81,correct=False,payload=[71,35,15,233,234,225,73,154,178,27,39,134,159,100,111,95,194,237,244,68,145,151,56,101,200,53,58,221,247,72,60,196,28,19,59,9,60,108,226,247,22,134,32,109,204,197,136,162,214,235,142,97,2,28,164,50,242,155,237,37,14,187,40,215,172,54,94,158,211,197,173,177,164,251,227,132,163,25,85,93,73,84,236,35,198,122,202,68,210,10,123,106,165,208,27,65,242,75,33,233]
CFO=-84.37485389542273,STO=3
SNRdB=5.23,TXPdB=20
packet_number=82,correct=False,payload=[68,178,137,32,157,124,44,154,56,42,104,46,234,190,203,85,185,55,146,218,226,29,233,209,120,44,190,203,60,110,4,148,178,138,142,132,12,244,22,239,34,24,144,248,192,225,167,169,218,158,142,188,206,48,132,189,45,60,228,187,80,191,17,66,131,196,63,74,42,45,68,53,42,115,212,11,198,148,104,52,113,42,27,2,169,206,232,68,4,22,98,23,230,102,116,76,162,96,235,92]
packet_number=83,correct=False,payload=[108,15,247,191,180,47,227,148,221,83,127,43,129,55,221,201,120,110,184,60,89,167,66,45,76,211,21,185,44,250,80,47,180,147,218,92,241,54,211,116,125,72,156,151,110,86,239,234,129,13,25,110,136,253,54,180,5,171,163,241,125,14,27,246,120,239,213,227,86,235,80,235,51,130,202,158,17,229,46,192,25,36,133,61,18,163,51,217,231,99,199,10,193,85,88,169,96,200,208,159]
CFO=-29.949514860346547,STO=6
SNRdB=3.01,TXPdB=20
packet_number=84,correct=False,payload=[211,251,136,62,54,146,111,167,195,27,36,214,105,160,237,218,221,65,160,26,5,104,234,250,146,216,165,153,169,74,39,81,146,221,73,218,86,109,247,207,82,6,86,16,211,241,136,100,11,48,11,190,229,38,149,44,121,113,195,122,111,249,81,69,184,212,226,79,148,245,185,132,0,140,98,57,145,54,219,19,254,202,60,148,250,111,203,7,146,244,215,149,229,19,160,245,142,21,209,255]
CFO=248.281302920573,STO=3
SNRdB=7.84,TXPdB=20
packet_number=85,correct=False,payload=[174,92,177,35,183,85,20,22,121,228,43,62,113,32,151,97,208,115,98,220,228,206,40,126,187,255,94,27,154,97,50,78,235,174,227,234,185,94,85,205,51,219,129,69,84,167,221,92,117,40,183,232,245,136,197,107,48,105,161,16,138,64,115,120,135,185,175,155,244,9,71,217,208,225,74,124,156,53,133,50,245,174,246,16,6,17,119,83,134,127,190,28,209,64,111,178,13,141,8,111]
CFO=-281.88109950661163,STO=3
SNRdB=1.75,TXPdB=20
CFO=-192.31012590950698,STO=5
SNRdB=-1.41,TXPdB=20
packet_number=86,correct=False,payload=[50,157,135,172,182,119,103,117,37,85,250,197,222,66,46,217,119,156,66,169,86,92,125,216,212,14,22,169,54,164,23,244,137,229,20,202,192,90,38,219,133,82,61,152,16,200,100,108,73,23,213,207,90,203,92,3,79,86,178,60,85,245,231,188,227,249,201,61,105,103,77,223,112,188,190,110,85,173,29,11,87,3,79,33,28,192,43,70,6,118,16,251,107,227,92,17,241,159,163,103]
CFO=290.8753234371173,STO=4
SNRdB=12.34,TXPdB=20
packet_number=87,correct=False,payload=[233,249,157,94,223,115,128,233,122,27,217,77,146,141,189,49,231,165,43,158,36,111,14,5,17,120,103,162,126,115,125,29,89,81,251,33,214,202,119,155,120,164,46,251,49,184,252,254,38,124,224,88,31,227,48,105,7,214,190,198,251,37,18,236,76,56,39,200,118,87,245,233,241,181,222,162,207,75,47,126,243,4,81,89,53,186,99,207,137,248,216,25,189,73,16,94,93,17,114,32]
CFO=266.869244044183,STO=7
SNRdB=7.58,TXPdB=20
packet_number=88,correct=False,payload=[82,172,242,47,98,38,201,18,160,173,154,226,159,55,11,209,228,245,172,195,115,115,110,21,245,43,163,208,166,123,197,224,8,148,146,114,248,92,149,163,17,192,213,0,40,85,21,165,1,76,195,9,161,189,193,98,82,134,33,58,147,102,8,41,153,16,48,144,48,12,40,57,194,114,188,110,36,61,10,200,2,222,33,149,14,254,2,206,60,242,44,237,140,168,43,161,120,210,97,47]
CFO=63.30542682759071,STO=0
SNRdB=8.31,TXPdB=20
packet_number=89,correct=False,payload=[36,169,205,128,155,30,226,132,164,168,82,153,109,43,212,172,232,214,144,28,174,217,222,22,197,31,126,129,180,128,101,64,67,97,109,9,160,197,230,185,159,63,252,214,30,188,145,23,190,50,100,43,202,254,41,85,186,207,234,61,188,134,151,109,109,84,7,236,125,81,22,77,176,209,11,136,200,53,112,69,49,16,34,161,131,9,80,17,152,95,22,164,85,139,100,212,24,55,152,137]
CFO=-42.30737797361895,STO=4
SNRdB=-0.51,TXPdB=20
packet_number=90,correct=False,payload=[109,204,88,6,70,232,180,217,96,192,24,160,45,35,157,215,82,27,59,101,63,101,132,215,32,235,83,250,123,70,57,154,186,228,104,146,49,237,31,176,59,88,106,200,208,170,142,165,70,209,230,229,113,130,93,88,255,41,18,102,158,51,53,33,36,200,152,239,69,154,133,183,90,106,236,159,34,31,221,84,192,119,249,41,151,19,49,177,62,249,39,28,169,136,213,197,65,86,52,240]
packet_number=91,correct=False,payload=[190,190,126,5,165,66,134,199,39,217,228,218,192,43,73,158,85,156,242,51,75,14,90,238,159,179,140,182,136,141,124,113,119,61,247,104,151,223,173,114,73,100,134,73,11,199,178,57,25,69,246,241,69,172,108,52,124,98,87,128,59,109,221,84,75,99,233,220,240,166,198,230,32,240,238,148,163,18,206,150,91,200,59,108,224,127,95,129,89,124,92,210,46,187,210,238,36,255,139,69]
CFO=8544.070956312045,STO=2
SNRdB=36.51,TXPdB=20
packet_number=92,correct=True,payload=[0,1,2,3,4,5,6,7,8,9,10,11,12,13,14,15,16,17,18,19,20,21,22,23,24,25,26,27,28,29,30,31,32,33,34,35,36,37,38,39,40,41,42,43,44,45,46,47,48,49,50,51,52,53,54,55,56,57,58,59,60,61,62,63,64,65,66,67,68,69,70,71,72,73,74,75,76,77,78,79,80,81,82,83,84,85,86,87,88,89,90,91,92,93,94,95,96,97,98,99]
CFO=2896.7528423960853,STO=6
SNRdB=36.49,TXPdB=20
packet_number=93,correct=True,payload=[0,1,2,3,4,5,6,7,8,9,10,11,12,13,14,15,16,17,18,19,20,21,22,23,24,25,26,27,28,29,30,31,32,33,34,35,36,37,38,39,40,41,42,43,44,45,46,47,48,49,50,51,52,53,54,55,56,57,58,59,60,61,62,63,64,65,66,67,68,69,70,71,72,73,74,75,76,77,78,79,80,81,82,83,84,85,86,87,88,89,90,91,92,93,94,95,96,97,98,99]
CFO=8922.33826581623,STO=6
SNRdB=36.44,TXPdB=20
packet_number=94,correct=True,payload=[0,1,2,3,4,5,6,7,8,9,10,11,12,13,14,15,16,17,18,19,20,21,22,23,24,25,26,27,28,29,30,31,32,33,34,35,36,37,38,39,40,41,42,43,44,45,46,47,48,49,50,51,52,53,54,55,56,57,58,59,60,61,62,63,64,65,66,67,68,69,70,71,72,73,74,75,76,77,78,79,80,81,82,83,84,85,86,87,88,89,90,91,92,93,94,95,96,97,98,99]
CFO=7407.994723034974,STO=7
SNRdB=36.37,TXPdB=20
packet_number=95,correct=True,payload=[0,1,2,3,4,5,6,7,8,9,10,11,12,13,14,15,16,17,18,19,20,21,22,23,24,25,26,27,28,29,30,31,32,33,34,35,36,37,38,39,40,41,42,43,44,45,46,47,48,49,50,51,52,53,54,55,56,57,58,59,60,61,62,63,64,65,66,67,68,69,70,71,72,73,74,75,76,77,78,79,80,81,82,83,84,85,86,87,88,89,90,91,92,93,94,95,96,97,98,99]
CFO=-972.6431935030826,STO=7
SNRdB=36.37,TXPdB=20
packet_number=96,correct=True,payload=[0,1,2,3,4,5,6,7,8,9,10,11,12,13,14,15,16,17,18,19,20,21,22,23,24,25,26,27,28,29,30,31,32,33,34,35,36,37,38,39,40,41,42,43,44,45,46,47,48,49,50,51,52,53,54,55,56,57,58,59,60,61,62,63,64,65,66,67,68,69,70,71,72,73,74,75,76,77,78,79,80,81,82,83,84,85,86,87,88,89,90,91,92,93,94,95,96,97,98,99]
CFO=-32.083145306685566,STO=3
SNRdB=36.31,TXPdB=20
packet_number=97,correct=True,payload=[0,1,2,3,4,5,6,7,8,9,10,11,12,13,14,15,16,17,18,19,20,21,22,23,24,25,26,27,28,29,30,31,32,33,34,35,36,37,38,39,40,41,42,43,44,45,46,47,48,49,50,51,52,53,54,55,56,57,58,59,60,61,62,63,64,65,66,67,68,69,70,71,72,73,74,75,76,77,78,79,80,81,82,83,84,85,86,87,88,89,90,91,92,93,94,95,96,97,98,99]
CFO=8152.792476258788,STO=0
SNRdB=36.52,TXPdB=20
packet_number=98,correct=True,payload=[0,1,2,3,4,5,6,7,8,9,10,11,12,13,14,15,16,17,18,19,20,21,22,23,24,25,26,27,28,29,30,31,32,33,34,35,36,37,38,39,40,41,42,43,44,45,46,47,48,49,50,51,52,53,54,55,56,57,58,59,60,61,62,63,64,65,66,67,68,69,70,71,72,73,74,75,76,77,78,79,80,81,82,83,84,85,86,87,88,89,90,91,92,93,94,95,96,97,98,99]
CFO=7388.555850928061,STO=1
SNRdB=36.55,TXPdB=20
packet_number=99,correct=True,payload=[0,1,2,3,4,5,6,7,8,9,10,11,12,13,14,15,16,17,18,19,20,21,22,23,24,25,26,27,28,29,30,31,32,33,34,35,36,37,38,39,40,41,42,43,44,45,46,47,48,49,50,51,52,53,54,55,56,57,58,59,60,61,62,63,64,65,66,67,68,69,70,71,72,73,74,75,76,77,78,79,80,81,82,83,84,85,86,87,88,89,90,91,92,93,94,95,96,97,98,99]
